obstacle_id,timestep,x_position,y_position,orientation,velocity,acceleration,lanelet_id
30717,1,-246.0844,-221.7653,-3.9326,0.0,0.0,913
30718,1,-261.9691,-224.3774,0.7385,0.0,0.0,392
30719,1,-243.5776,-219.3286,-3.9308,0.0,0.0,914
30720,1,-248.5887,-224.2094,-3.933,0.0,0.0,912
30721,1,-240.3804,-227.5325,2.35,0.5972,-0.5201,913
30722,1,-264.3268,-221.7875,0.735,0.0,0.0,391
30723,1,-266.6844,-219.2006,0.7361,0.0,0.0,390
30724,1,-243.3048,-229.549,-3.9318,0.0138,-0.0148,912
30725,1,-269.0348,-216.6109,0.7361,0.0,0.0,389
30726,1,-276.1532,-223.0811,0.7392,1.9125,-1.9275,3031
30727,1,-233.398,-234.6004,2.3508,2.188,-0.916,909
30728,1,-230.8679,-242.1273,2.3506,2.0174,-2.0305,908
30729,1,-237.8128,-235.1036,-3.9329,0.3237,-0.2411,908
30730,1,-224.662,-243.4298,2.3508,4.1156,-0.7885,909
30731,1,-237.3046,-225.6656,2.35,1.3626,-0.961,914
30732,1,-286.9242,-232.9103,0.7398,5.0897,-1.822,3031
30733,1,-272.5812,-234.0394,0.7391,5.0947,-3.0115,3034
30734,1,-278.9793,-235.131,0.7394,7.3546,-2.2736,3033
30735,1,-273.9239,-225.7842,0.74,1.9527,-1.2984,3032
30736,1,-297.989,-243.0477,0.7422,6.1343,-0.6754,384
30737,1,-308.5486,-252.7333,0.7422,6.4128,-1.5243,384
30739,1,-283.6845,-234.6905,0.7399,4.1897,-1.6525,3032
30740,1,-291.1647,-246.2869,0.7422,8.0501,-3.1089,386
30741,1,-224.3502,-238.7683,2.3508,6.843,-2.1819,910
30742,1,-318.8729,-262.2033,0.7422,6.4712,0.2508,384
30743,1,-216.2513,-256.9063,2.3506,8.1642,-3.5628,908
30744,1,-304.5783,-253.8453,0.7422,11.682,-2.9492,385
30745,1,-327.308,-269.9405,0.7422,5.2774,-0.4809,384
30746,1,-309.0018,-267.3987,0.742,12.4285,0.3055,387
30747,1,-196.3521,-272.0539,2.3505,12.8854,0.4656,909
30748,1,-206.2681,-267.003,2.3505,7.5085,-1.0591,908
30749,1,-188.298,-275.2217,2.3505,16.2613,-0.0076,910
30750,1,-333.287,-275.4249,0.7422,2.1592,1.3328,-1
30717,2,-246.0844,-221.7653,-3.9326,0.0,0.0,913
30718,2,-261.9691,-224.3774,0.7385,0.0,0.0,392
30719,2,-243.5776,-219.3286,-3.9308,0.0,0.0,914
30720,2,-248.5887,-224.2094,-3.933,0.0,0.0,912
30721,2,-240.4198,-227.4926,2.35,0.5485,-0.5185,913
30722,2,-264.3268,-221.7875,0.735,0.0,0.0,391
30723,2,-266.6844,-219.2006,0.7361,0.0,0.0,390
30724,2,-243.3057,-229.5481,-3.9318,0.0123,-0.0141,912
30725,2,-269.0348,-216.6109,0.7361,0.0,0.0,389
30726,2,-276.0186,-222.9584,0.7392,1.7798,-1.6372,3031
30727,2,-233.5447,-234.4521,2.3508,2.042,-1.7806,909
30728,2,-231.0047,-241.9889,2.3506,1.918,-1.1061,908
30729,2,-237.8339,-235.0822,-3.9329,0.296,-0.2144,908
30730,2,-224.9423,-243.1465,2.3508,3.9372,-1.9277,909
30731,2,-237.3935,-225.5756,2.35,1.2355,-1.1727,914
30732,2,-286.5612,-232.5789,0.7399,4.8735,-1.632,3031
30733,2,-272.2216,-233.7116,0.7391,4.7834,-3.2513,3034
30734,2,-278.4535,-234.6515,0.7393,7.0588,-2.3722,3033
30735,2,-273.7872,-225.6593,0.74,1.8087,-1.7384,3032
30736,2,-297.5455,-242.641,0.7422,5.9668,-2.0175,384
30737,2,-308.0778,-252.3014,0.7422,6.3421,-1.841,384
30739,2,-283.3828,-234.415,0.7398,4.0321,-2.1801,3032
30740,2,-290.5804,-245.7509,0.7422,7.877,-2.0656,386
30741,2,-224.8178,-238.2957,2.3508,6.5791,-2.7656,910
30742,2,-318.3981,-261.7677,0.7422,6.4406,-0.1184,384
30743,2,-216.8124,-256.339,2.3506,7.8914,-3.5025,908
30744,2,-303.7328,-253.0698,0.7422,11.3956,-3.0561,385
30745,2,-326.9171,-269.5819,0.7422,5.2938,-0.4278,384
30746,2,-308.0851,-266.5582,0.742,12.4403,0.1503,387
30747,2,-197.2581,-271.1375,2.3505,12.8649,-0.8424,909
30748,2,-206.7874,-266.4777,2.3505,7.3564,-1.2125,908
30749,2,-189.4409,-274.0657,2.3505,16.2601,0.1311,910
30750,2,-333.1177,-275.2695,0.7422,2.3441,1.8385,-1
30717,3,-246.0844,-221.7653,-3.9326,0.0,0.0,913
30718,3,-261.9691,-224.3774,0.7385,0.0,0.0,392
30719,3,-243.5776,-219.3286,-3.9308,0.0,0.0,914
30720,3,-248.5887,-224.2094,-3.933,0.0,0.0,912
30721,3,-240.4563,-227.4557,2.35,0.5052,-0.547,913
30722,3,-264.3268,-221.7875,0.735,0.0,0.0,391
30723,3,-266.6844,-219.2006,0.7361,0.0,0.0,390
30724,3,-243.3065,-229.5473,-3.9318,0.0111,-0.0125,912
30725,3,-269.0348,-216.6109,0.7361,0.0,0.0,389
30726,3,-275.8945,-222.8452,0.7392,1.647,-1.3613,3031
30727,3,-233.6838,-234.3116,2.3508,1.9372,-1.5573,909
30728,3,-231.1327,-241.8595,2.3506,1.7795,-1.6344,908
30729,3,-237.8533,-235.0626,-3.9329,0.2712,-0.1689,908
30730,3,-225.2132,-242.8727,2.3508,3.8385,-0.5217,909
30731,3,-237.4756,-225.4924,2.35,1.1353,-1.3214,914
30732,3,-286.2109,-232.2591,0.7399,4.7073,-1.4193,3031
30733,3,-271.8823,-233.4024,0.739,4.5326,-2.3121,3034
30734,3,-277.949,-234.1914,0.7393,6.762,-2.7094,3033
30735,3,-273.6599,-225.5431,0.74,1.7084,-0.6477,3032
30736,3,-297.1121,-242.2434,0.7422,5.8449,-1.4241,384
30737,3,-307.6133,-251.8753,0.7422,6.301,-0.0838,384
30739,3,-283.0922,-234.1498,0.7397,3.8977,-1.4964,3032
30740,3,-290.0082,-245.2261,0.7422,7.7196,-1.764,386
30741,3,-225.2692,-237.8395,2.3508,6.3578,-2.4144,910
30742,3,-317.9285,-261.337,0.7422,6.3534,-0.7078,384
30743,3,-217.3547,-255.7906,2.3506,7.616,-3.9008,908
30744,3,-302.908,-252.3133,0.7422,11.1056,-3.4473,385
30745,3,-326.525,-269.2223,0.7422,5.3365,0.6416,384
30746,3,-307.1811,-265.7294,0.742,12.2049,-2.3418,387
30747,3,-198.1641,-270.2211,2.3505,12.8828,-0.1356,909
30748,3,-207.2962,-265.9631,2.3505,7.2175,-0.7847,908
30749,3,-190.5858,-272.9077,2.3505,16.2859,0.0761,910
30750,3,-332.9357,-275.1027,0.7422,2.4982,1.1924,-1
30717,4,-246.0844,-221.7653,-3.9326,0.0,0.0,913
30718,4,-261.9691,-224.3774,0.7385,0.0,0.0,392
30719,4,-243.5776,-219.3286,-3.9308,0.0,0.0,914
30720,4,-248.5887,-224.2094,-3.933,0.0,0.0,912
30721,4,-240.4892,-227.4222,-3.933,0.4598,-0.4057,913
30722,4,-264.3268,-221.7875,0.735,0.0,0.0,391
30723,4,-266.6844,-219.2006,0.7361,0.0,0.0,390
30724,4,-243.3073,-229.5466,-3.9318,0.0101,-0.013,912
30725,4,-269.0348,-216.6109,0.7361,0.0,0.0,389
30726,4,-275.7797,-222.7406,0.7392,1.5176,-1.5028,3031
30727,4,-233.8141,-234.1798,2.3508,1.8099,-1.7189,909
30728,4,-231.2543,-241.7366,2.3506,1.7064,-0.8884,908
30729,4,-237.8707,-235.0449,-3.9329,0.2425,-0.2531,908
30730,4,-225.473,-242.6101,2.3508,3.6645,-1.1727,909
30731,4,-237.5507,-225.4164,2.35,1.0478,-0.8339,914
30732,4,-285.8733,-231.9508,0.7399,4.5273,-1.7856,3031
30733,4,-271.5623,-233.1107,0.739,4.2488,-3.2499,3034
30734,4,-277.4667,-233.7516,0.7392,6.4698,-2.3426,3033
30735,4,-273.5418,-225.4353,0.7399,1.567,-1.2728,3032
30736,4,-296.6877,-241.8542,0.7422,5.7254,-1.323,384
30737,4,-307.1564,-251.4563,0.7422,6.2018,0.1088,384
30739,4,-282.8126,-233.8947,0.7396,3.7498,-1.3991,3032
30740,4,-289.4512,-244.7152,0.7422,7.5235,-1.3541,386
30741,4,-225.7033,-237.4007,2.3508,6.1143,-2.3089,910
30742,4,-317.4627,-260.9097,0.7422,6.2832,-1.4998,384
30743,4,-217.8767,-255.2629,2.3506,7.3542,-2.7403,908
30744,4,-302.1042,-251.576,0.7422,10.8226,-3.3577,385
30745,4,-326.1321,-268.8619,0.7422,5.3325,0.0611,384
30746,4,-306.2932,-264.9154,0.742,11.9852,-2.4066,387
30747,4,-199.0657,-269.3092,2.3505,12.7774,-1.8006,909
30748,4,-207.7913,-265.4623,2.3505,7.0166,-1.0076,908
30749,4,-191.7304,-271.75,2.3505,16.2652,-0.5992,910
30750,4,-332.743,-274.9259,0.7422,2.6526,1.5147,-1
30717,5,-246.0844,-221.7653,-3.9326,0.0,0.0,913
30718,5,-261.9691,-224.3774,0.7385,0.0,0.0,392
30719,5,-243.5776,-219.3286,-3.9308,0.0,0.0,914
30720,5,-248.5887,-224.2094,-3.933,0.0,0.0,912
30721,5,-240.5196,-227.3915,-3.933,0.42,-0.4547,913
30722,5,-264.3268,-221.7875,0.735,0.0,0.0,391
30723,5,-266.6844,-219.2006,0.7361,0.0,0.0,390
30724,5,-243.3079,-229.5459,-3.9318,0.0092,-0.0106,912
30725,5,-269.0348,-216.6109,0.7361,0.0,0.0,389
30726,5,-275.6738,-222.6441,0.7391,1.4163,-0.7375,3031
30727,5,-233.9357,-234.0569,2.3508,1.704,-1.023,909
30728,5,-231.3673,-241.6223,2.3506,1.5949,-0.4892,908
30729,5,-237.8867,-235.0288,-3.9329,0.2235,-0.1525,908
30730,5,-225.7228,-242.3577,2.3508,3.5207,-1.1794,909
30731,5,-237.6192,-225.3471,2.35,0.9445,-1.2051,914
30732,5,-285.5479,-231.6538,0.7399,4.3573,-1.9195,3031
30733,5,-271.2604,-232.8355,0.739,4.0203,-2.5325,3034
30734,5,-277.005,-233.3307,0.7392,6.1591,-3.6063,3033
30735,5,-273.4326,-225.3357,0.7397,1.4457,-1.3068,3032
30736,5,-296.2718,-241.4727,0.7422,5.6189,-0.9577,384
30737,5,-306.704,-251.0413,0.7422,6.1284,-0.3785,384
30739,5,-282.5417,-233.6475,0.7396,3.6526,-0.6286,3032
30740,5,-288.9071,-244.2161,0.7422,7.357,-1.0217,386
30741,5,-226.1209,-236.9787,2.3508,5.883,-2.1786,910
30742,5,-316.9996,-260.485,0.7422,6.2608,-0.9081,384
30743,5,-218.3821,-254.7518,2.3506,7.0973,-3.6437,908
30744,5,-301.3217,-250.8584,0.7422,10.5389,-3.1231,385
30745,5,-325.7393,-268.5017,0.7422,5.3319,0.1342,384
30746,5,-305.4218,-264.1164,0.742,11.7936,-1.1324,387
30747,5,-199.9487,-268.4162,2.3505,12.5023,-2.2367,909
30748,5,-208.2782,-264.9699,2.3505,6.922,-0.1431,908
30749,5,-192.8744,-270.5929,2.3505,16.2583,-0.513,910
30750,5,-332.5385,-274.7383,0.7422,2.8025,1.1096,-1
30717,6,-246.0844,-221.7653,-3.9326,0.0,0.0,913
30718,6,-261.9691,-224.3774,0.7385,0.0,0.0,392
30719,6,-243.5776,-219.3286,-3.9308,0.0,0.0,914
30720,6,-248.5887,-224.2094,-3.933,0.0,0.0,912
30721,6,-240.5468,-227.364,-3.933,0.3769,-0.4313,913
30722,6,-264.3268,-221.7875,0.735,0.0,0.0,391
30723,6,-266.6844,-219.2006,0.7361,0.0,0.0,390
30724,6,-243.3085,-229.5453,-3.9318,0.0082,-0.0078,912
30725,6,-269.0348,-216.6109,0.7361,0.0,0.0,389
30726,6,-275.5771,-222.5559,0.7391,1.2774,-1.3044,3031
30727,6,-234.0501,-233.9413,2.3508,1.6056,-0.8258,909
30728,6,-231.4736,-241.5148,2.3506,1.4756,-1.4635,908
30729,6,-237.9012,-235.0141,-3.933,0.2011,-0.2268,908
30730,6,-225.9633,-242.1146,2.3508,3.3688,-2.0332,909
30731,6,-237.6816,-225.2839,2.35,0.875,-0.5169,914
30732,6,-285.2357,-231.3688,0.7399,4.1897,-1.4889,3031
30733,6,-270.9763,-232.5766,0.739,3.7763,-2.6952,3034
30734,6,-276.5643,-232.929,0.7392,5.8765,-3.5288,3033
30735,6,-273.3309,-225.2428,0.7395,1.3643,-0.5371,3032
30736,6,-295.8667,-241.1011,0.7422,5.4711,-1.0271,384
30737,6,-306.2572,-250.6315,0.7422,6.028,-1.3667,384
30739,6,-282.2812,-233.4099,0.7395,3.4748,-2.076,3032
30740,6,-288.3775,-243.7304,0.7422,7.1304,-2.2164,386
30741,6,-226.5216,-236.5737,2.3508,5.6528,-1.7757,910
30742,6,-316.5401,-260.0635,0.7422,6.2128,-0.8708,384
30743,6,-218.867,-254.2615,2.3506,6.8302,-2.6178,908
30744,6,-300.5608,-250.1605,0.7422,10.2675,-2.2732,385
30745,6,-325.344,-268.1391,0.7422,5.3854,0.8644,384
30746,6,-304.5654,-263.3312,0.742,11.5603,-2.3125,387
30747,6,-200.8158,-267.5391,2.3505,12.2677,-2.5915,909
30748,6,-208.7545,-264.4881,2.3505,6.7285,-1.8565,908
30749,6,-194.0121,-269.4422,2.3505,16.0939,-3.5014,910
30750,6,-332.3226,-274.5403,0.7422,2.9668,1.506,-1
30717,7,-246.0844,-221.7653,-3.9326,0.0,0.0,913
30718,7,-261.9691,-224.3774,0.7385,0.0,0.0,392
30719,7,-243.5776,-219.3286,-3.9308,0.0,0.0,914
30720,7,-248.5887,-224.2094,-3.933,0.0,0.0,912
30721,7,-240.5716,-227.3389,-3.933,0.3436,-0.334,913
30722,7,-264.3268,-221.7875,0.735,0.0,0.0,391
30723,7,-266.6844,-219.2006,0.7361,0.0,0.0,390
30724,7,-243.3091,-229.5448,-3.9318,0.0075,-0.0066,912
30725,7,-269.0348,-216.6109,0.7361,0.0,0.0,389
30726,7,-275.4885,-222.4752,0.7391,1.1747,-1.0533,3031
30727,7,-234.1596,-233.8306,2.3508,1.5374,-0.7778,909
30728,7,-231.5723,-241.415,2.3506,1.3892,-0.5831,908
30729,7,-237.9143,-235.0007,-3.933,0.1825,-0.1974,908
30730,7,-226.1949,-241.8805,2.3508,3.2656,-1.0766,909
30731,7,-237.7389,-225.2259,2.35,0.7973,-0.7413,914
30732,7,-284.9369,-231.0959,0.7399,3.9967,-1.9653,3031
30733,7,-270.7096,-232.3336,0.739,3.5493,-2.3162,3034
30734,7,-276.1438,-232.5456,0.7391,5.6415,-2.007,3033
30735,7,-273.2376,-225.1577,0.7393,1.2372,-1.0561,3032
30736,7,-295.4706,-240.7379,0.7422,5.3392,-1.3641,384
30737,7,-305.8195,-250.23,0.7422,5.8999,-1.5855,384
30739,7,-282.0303,-233.181,0.7395,3.3688,-1.1008,3032
30740,7,-287.8626,-243.2581,0.7422,6.9353,-2.0101,386
30741,7,-226.9056,-236.1856,2.3508,5.4184,-1.6367,910
30742,7,-316.0855,-259.6466,0.7422,6.1481,-0.7725,384
30743,7,-219.3353,-253.788,2.3506,6.5775,-3.2927,908
30744,7,-299.8214,-249.4822,0.7422,9.9692,-2.5592,385
30745,7,-324.9485,-267.7763,0.7422,5.3558,-0.432,384
30746,7,-303.7268,-262.5623,0.742,11.3356,-1.6903,387
30747,7,-201.6642,-266.6811,2.3505,11.9856,-3.194,909
30748,7,-209.2198,-264.0175,2.3505,6.5784,-1.5844,908
30749,7,-195.1281,-268.3135,2.3505,15.7762,-3.8692,910
30750,7,-332.0957,-274.3321,0.7422,3.1308,2.0565,-1
30717,8,-246.0844,-221.7653,-3.9326,0.0,0.0,913
30718,8,-261.9691,-224.3774,0.7385,0.0,0.0,392
30719,8,-243.5776,-219.3286,-3.9308,0.0,0.0,914
30720,8,-248.5887,-224.2094,-3.933,0.0,0.0,912
30721,8,-240.594,-227.3163,-3.933,0.3113,-0.2996,913
30722,8,-264.3268,-221.7875,0.735,0.0,0.0,391
30723,8,-266.6844,-219.2006,0.7361,0.0,0.0,390
30724,8,-243.3096,-229.5443,-3.9318,0.0067,-0.0055,912
30725,8,-269.0348,-216.6109,0.7361,0.0,0.0,389
30726,8,-275.4071,-222.401,0.739,1.0749,-1.0942,3031
30727,8,-234.2617,-233.7275,2.3508,1.4311,-0.7825,909
30728,8,-231.6647,-241.3216,2.3506,1.2857,-1.1392,908
30729,8,-237.9262,-234.9887,-3.933,0.1655,-0.154,908
30730,8,-226.417,-241.656,2.3508,3.1301,-1.1054,909
30731,8,-237.7908,-225.1733,2.35,0.7151,-0.9334,914
30732,8,-284.6511,-230.835,0.7399,3.8442,-1.0398,3031
30733,8,-270.4608,-232.1068,0.739,3.2994,-2.6852,3034
30734,8,-275.7431,-232.1803,0.7391,5.3376,-3.4258,3033
30735,8,-273.1502,-225.0781,0.7391,1.1687,-0.5473,3032
30736,8,-295.085,-240.3842,0.7422,5.1935,-1.5338,384
30737,8,-305.3875,-249.8338,0.7422,5.8519,-0.3867,384
30739,8,-281.7887,-232.9606,0.7394,3.2354,-1.4317,3032
30740,8,-287.3603,-242.7973,0.7422,6.7693,-1.8776,386
30741,8,-227.2734,-235.8138,2.3508,5.1881,-1.6543,910
30742,8,-315.6343,-259.2327,0.7422,6.1064,-0.633,384
30743,8,-219.7851,-253.3332,2.3506,6.3451,-2.0736,908
30744,8,-299.1036,-248.8239,0.7422,9.6776,-2.4768,385
30745,8,-324.5516,-267.4121,0.7422,5.3833,-0.116,384
30746,8,-302.9042,-261.8079,0.7421,11.0881,-2.9041,387
30747,8,-202.4936,-265.8422,2.3505,11.7374,-2.3399,909
30748,8,-209.6749,-263.5572,2.3505,6.4232,-1.9815,908
30749,8,-196.2229,-267.2062,2.3505,15.5107,-2.4444,910
30750,8,-331.8569,-274.1131,0.7422,3.2807,1.6262,-1
30717,9,-246.0844,-221.7653,-3.9326,0.0,0.0,913
30718,9,-261.9691,-224.3774,0.7385,0.0,0.0,392
30719,9,-243.5776,-219.3286,-3.9308,0.0,0.0,914
30720,9,-248.5887,-224.2094,-3.933,0.0,0.0,912
30721,9,-240.6146,-227.2955,-3.933,0.286,-0.2737,913
30722,9,-264.3268,-221.7875,0.735,0.0,0.0,391
30723,9,-266.6844,-219.2006,0.7361,0.0,0.0,390
30724,9,-243.31,-229.5438,-3.9318,0.006,-0.008,912
30725,9,-269.0348,-216.6109,0.7361,0.0,0.0,389
30726,9,-275.3324,-222.3328,0.739,1.0026,-0.4333,3031
30727,9,-234.3565,-233.6316,2.3508,1.3347,-0.5682,909
30728,9,-231.7514,-241.2339,2.3506,1.213,-0.774,908
30729,9,-237.9371,-234.9777,-3.933,0.1497,-0.1827,908
30730,9,-226.6311,-241.4397,2.3508,3.0039,-1.5947,909
30731,9,-237.8382,-225.1253,2.35,0.6563,-0.7247,914
30732,9,-284.3795,-230.5869,0.74,3.6342,-1.756,3031
30733,9,-270.2286,-231.8951,0.739,3.0846,-2.2914,3034
30734,9,-275.3608,-231.8319,0.7391,5.083,-3.6083,3033
30735,9,-273.07,-225.005,0.739,1.0606,-0.9814,3032
30736,9,-294.7069,-240.0373,0.7422,5.0938,-1.4855,384
30737,9,-304.9624,-249.4439,0.7422,5.7738,0.2792,384
30739,9,-281.5588,-232.7509,0.7394,3.0836,-1.1586,3032
30740,9,-286.8729,-242.3503,0.7422,6.5799,-1.3449,386
30741,9,-227.6241,-235.4594,2.3508,4.9464,-1.5644,910
30742,9,-315.1874,-258.8228,0.7422,6.038,-1.0362,384
30743,9,-220.2177,-252.8958,2.3506,6.067,-3.4036,908
30744,9,-298.4055,-248.1835,0.7422,9.4087,-2.5715,385
30745,9,-324.1547,-267.0481,0.7422,5.3746,-0.3929,384
30746,9,-302.0981,-261.0686,0.7421,10.8966,-1.6248,387
30747,9,-203.3051,-265.0214,2.3505,11.4765,-2.6136,909
30748,9,-210.1221,-263.1049,2.3505,6.3336,-1.0932,908
30749,9,-197.2951,-266.1217,2.3505,15.1584,-3.6683,910
30750,9,-331.6076,-273.8844,0.7422,3.4203,1.5225,384
30717,10,-246.0844,-221.7653,-3.9326,0.0,0.0,913
30718,10,-261.9691,-224.3774,0.7385,0.0,0.0,392
30719,10,-243.5776,-219.3286,-3.9308,0.0,0.0,914
30720,10,-248.5887,-224.2094,-3.933,0.0,0.0,912
30721,10,-240.6333,-227.2766,-3.933,0.2618,-0.1605,913
30722,10,-264.3268,-221.7875,0.735,0.0,0.0,391
30723,10,-266.6844,-219.2006,0.7361,0.0,0.0,390
30724,10,-243.3104,-229.5434,-3.9318,0.0055,-0.0054,912
30725,10,-269.0348,-216.6109,0.7361,0.0,0.0,389
30726,10,-275.2647,-222.2712,0.739,0.8974,-0.7703,3031
30727,10,-234.4462,-233.541,2.3507,1.2567,-0.8385,909
30728,10,-231.8317,-241.1527,2.3506,1.1323,-0.4182,908
30729,10,-237.9468,-234.9678,-3.933,0.1368,-0.1019,908
30730,10,-226.8355,-241.2331,2.3508,2.8689,-1.4584,909
30731,10,-237.8815,-225.0815,2.35,0.6019,-0.5637,914
30732,10,-284.118,-230.3481,0.74,3.4948,-1.856,3031
30733,10,-270.0115,-231.6973,0.739,2.8785,-2.2884,3034
30734,10,-274.9976,-231.5008,0.7391,4.8262,-3.6026,3033
30735,10,-272.9963,-224.9378,0.7389,0.9761,-0.8658,3032
30736,10,-294.3399,-239.7007,0.7422,4.9545,-0.9882,384
30737,10,-304.544,-249.0602,0.7422,5.6286,-1.9305,384
30739,10,-281.3381,-232.5497,0.7393,2.9557,-1.2399,3032
30740,10,-286.397,-241.9138,0.7422,6.4349,-0.8533,386
30741,10,-227.9595,-235.1204,2.3508,4.7015,-2.6992,910
30742,10,-314.7448,-258.4167,0.7422,5.9996,-0.2752,384
30743,10,-220.6336,-252.4752,2.3506,5.8547,-2.4171,908
30744,10,-297.727,-247.5612,0.7422,9.1508,-2.1986,385
30745,10,-323.7583,-266.6845,0.7422,5.3738,-0.1853,384
30746,10,-301.3099,-260.3458,0.7421,10.6457,-1.9461,387
30747,10,-204.1011,-264.2163,2.3505,11.2485,-2.913,909
30748,10,-210.5583,-262.6637,2.3505,6.1814,-0.9328,908
30749,10,-198.3479,-265.0568,2.3505,14.9003,-2.9603,910
30750,10,-331.3488,-273.647,0.7422,3.5441,1.2761,384
30717,11,-246.0992,-221.7505,-3.9325,0.2785,2.7855,913
30718,11,-261.9582,-224.3675,0.7385,0.1951,1.9183,392
30719,11,-243.589,-219.3172,-3.9307,0.2156,2.1423,914
30720,11,-248.5987,-224.1994,-3.933,0.1879,1.8799,912
30721,11,-240.6504,-227.2592,-3.933,0.2424,-0.0473,913
30722,11,-264.3166,-221.7783,0.735,0.1826,1.8037,391
30723,11,-266.6692,-219.1869,0.7361,0.2733,2.7393,390
30724,11,-243.3109,-229.5429,-3.9318,0.0096,0.089,912
30725,11,-269.0189,-216.5966,0.7361,0.2846,2.8466,389
30726,11,-275.202,-222.2141,0.739,0.8299,-0.7587,3031
30727,11,-234.5292,-233.457,2.3506,1.1529,-1.1858,909
30728,11,-231.9066,-241.077,2.3506,1.0507,-0.5427,908
30729,11,-237.9557,-234.9589,-3.933,0.1233,-0.1069,908
30730,11,-227.0306,-241.0359,2.3508,2.7532,-0.848,909
30731,11,-237.921,-225.0415,2.35,0.5462,-0.6471,914
30732,11,-283.8691,-230.1209,0.74,3.34,-1.1645,3031
30733,11,-269.8086,-231.5124,0.739,2.6972,-1.9353,3034
30734,11,-274.6527,-231.1865,0.7391,4.6296,-1.534,3033
30735,11,-272.9286,-224.8762,0.7388,0.9007,-0.5971,3032
30736,11,-293.9807,-239.3712,0.7422,4.8486,-1.0326,384
30737,11,-304.1326,-248.6828,0.7422,5.541,-1.6566,384
30739,11,-281.1274,-232.3576,0.7393,2.8227,-1.1742,3032
30740,11,-285.9346,-241.4897,0.7422,6.259,-0.6201,386
30741,11,-228.2791,-234.7974,2.3508,4.4973,-1.8692,910
30742,11,-314.3078,-258.0159,0.7422,5.9364,0.2861,384
30743,11,-221.0315,-252.0729,2.3506,5.6089,-1.9976,908
30744,11,-297.07,-246.9587,0.7422,8.8185,-3.8287,385
30745,11,-323.3631,-266.322,0.7422,5.3295,-1.3152,384
30746,11,-300.5368,-259.6367,0.7422,10.4484,-1.6604,387
30747,11,-204.8784,-263.4301,2.3505,11.0084,-1.847,909
30748,11,-210.9832,-262.234,2.3505,5.9833,-2.4025,908
30749,11,-199.3782,-264.0147,2.3505,14.5866,-2.733,910
30750,11,-331.0764,-273.3972,0.7422,3.7456,2.0095,384
30717,12,-246.1334,-221.7159,2.3507,0.5571,2.7855,913
30718,12,-261.933,-224.3446,0.7385,0.3866,1.8805,392
30719,12,-243.6158,-219.2904,-3.9307,0.4331,2.1651,914
30720,12,-248.6218,-224.176,-3.933,0.3759,1.8799,912
30721,12,-240.6682,-227.2413,-3.933,0.2585,0.2425,913
30722,12,-264.293,-221.757,0.735,0.3593,1.681,391
30723,12,-266.6345,-219.1554,0.7361,0.5322,2.5317,390
30724,12,-243.3127,-229.5411,-3.9318,0.0316,0.2618,912
30725,12,-268.982,-216.5631,0.7361,0.5693,2.8466,389
30726,12,-275.1427,-222.16,0.7389,0.7997,-0.16,3031
30727,12,-234.6072,-233.3782,2.3506,1.0971,-0.529,909
30728,12,-231.9759,-241.007,2.3506,0.958,-1.0917,908
30729,12,-237.9637,-234.9508,-3.933,0.1116,-0.1097,908
30730,12,-227.2178,-240.8467,2.3508,2.6233,-1.5033,909
30731,12,-237.9583,-225.0037,2.35,0.5206,-0.4271,914
30732,12,-283.6305,-229.9031,0.74,3.1906,-1.607,3031
30733,12,-269.6205,-231.3409,0.739,2.5155,-1.1847,3034
30734,12,-274.3259,-230.8886,0.7391,4.358,-2.5607,3033
30735,12,-272.8647,-224.818,0.7387,0.8569,-0.3291,3032
30736,12,-293.6321,-239.0515,0.7422,4.6998,-1.1668,384
30737,12,-303.7261,-248.3099,0.7422,5.4798,-1.4302,384
30739,12,-280.9244,-232.1724,0.7393,2.7076,-1.6288,3032
30740,12,-285.4821,-241.0747,0.7422,6.0912,-1.9116,386
30741,12,-228.5836,-234.4896,2.3508,4.2594,-2.8052,910
30742,12,-313.8746,-257.6185,0.7422,5.8757,-0.0947,384
30743,12,-221.4135,-251.6867,2.3506,5.3686,-2.5491,908
30744,12,-296.4331,-246.3744,0.7422,8.5508,-3.6768,385
30745,12,-322.9688,-265.9603,0.7422,5.3438,-0.2597,384
30746,12,-299.7781,-258.9409,0.7422,10.2596,-1.362,387
30747,12,-205.6377,-262.6621,2.3505,10.7344,-2.6114,909
30748,12,-211.3987,-261.8137,2.3505,5.8579,-2.1214,908
30749,12,-200.3869,-262.9945,2.3505,14.2833,-2.5482,910
30750,12,-330.7934,-273.1376,0.7422,3.8748,1.3996,384
30717,13,-246.1873,-221.6614,2.3508,0.8356,2.7855,913
30718,13,-261.8942,-224.3092,0.7385,0.5732,1.9379,392
30719,13,-243.6574,-219.2486,2.3526,0.6369,1.9166,914
30720,13,-248.6581,-224.1393,2.3501,0.5639,1.8799,912
30721,13,-240.6895,-227.2197,-3.933,0.3225,0.7439,913
30722,13,-264.2564,-221.7239,0.735,0.5355,1.6715,391
30723,13,-266.5813,-219.1072,0.7361,0.7784,2.4201,390
30724,13,-243.3172,-229.5365,-3.9318,0.0773,0.5154,912
30725,13,-268.9239,-216.5106,0.7361,0.854,2.8466,389
30726,13,-275.0843,-222.1068,0.7389,0.7887,-0.0907,3031
30727,13,-234.6796,-233.3049,2.3505,1.0253,-0.2685,909
30728,13,-232.0404,-240.9417,2.3506,0.893,-0.9813,908
30729,13,-237.9712,-234.9432,-3.933,0.1054,-0.0501,908
30730,13,-227.3983,-240.6643,2.3508,2.5302,-1.4353,909
30731,13,-237.9954,-224.9662,2.35,0.5304,0.1336,914
30732,13,-283.4037,-229.696,0.74,3.0258,-1.8177,3031
30733,13,-269.4419,-231.1782,0.739,2.3839,-1.243,3034
30734,13,-274.0144,-230.6047,0.7391,4.1439,-2.8906,3033
30735,13,-272.8007,-224.7597,0.7386,0.8677,0.0719,3032
30736,13,-293.293,-238.7405,0.7422,4.572,-1.1373,384
30737,13,-303.3268,-247.9437,0.7422,5.3961,-0.8414,384
30739,13,-280.7302,-231.9954,0.7393,2.5925,-1.4055,3032
30740,13,-285.042,-240.6712,0.7419,5.9417,-1.2818,386
30741,13,-228.8738,-234.1963,2.3508,4.0564,-2.8118,910
30742,13,-313.4465,-257.2258,0.7422,5.7796,-1.1454,384
30743,13,-221.7783,-251.3179,2.3506,5.1347,-2.1074,908
30744,13,-295.8167,-245.8091,0.7422,8.3009,-2.4943,385
30745,13,-322.5749,-265.599,0.7422,5.3373,-0.3173,384
30746,13,-299.0384,-258.2624,0.7422,9.9883,-1.9505,387
30747,13,-206.379,-261.9123,2.3505,10.4762,-2.6881,909
30748,13,-211.805,-261.4027,2.3505,5.733,-1.8178,908
30749,13,-201.3753,-261.9948,2.3505,13.9811,-3.0736,910
30750,13,-330.5,-272.8684,0.7422,4.026,1.7871,384
30717,14,-246.2608,-221.5872,2.351,1.1142,2.7855,913
30718,14,-261.8421,-224.2618,0.7385,0.7495,1.8122,392
30719,14,-243.7127,-219.1928,2.3529,0.8331,1.8888,914
30720,14,-248.7077,-224.0891,2.3502,0.7519,1.8799,912
30721,14,-240.7169,-227.192,-3.933,0.4119,0.9157,913
30722,14,-264.2079,-221.6801,0.735,0.6938,1.5939,391
30723,14,-266.5098,-219.0425,0.7361,1.0209,2.2707,390
30724,14,-243.3259,-229.5278,-3.9318,0.1402,0.6699,912
30725,14,-268.8448,-216.4388,0.7361,1.1386,2.8466,3036
30726,14,-275.0234,-222.0513,0.7389,0.8305,0.1734,3031
30727,14,-234.7476,-233.2362,2.3504,0.9592,-0.355,909
30728,14,-232.1002,-240.8812,2.3506,0.8303,-0.816,908
30729,14,-237.9786,-234.9357,-3.933,0.1056,0.021,908
30730,14,-227.5683,-240.4924,2.3508,2.3898,-1.1328,909
30731,14,-238.0342,-224.9269,2.35,0.5613,0.3367,914
30732,14,-283.1884,-229.4993,0.74,2.8824,-1.3318,3031
30733,14,-269.2738,-231.0249,0.739,2.2618,-0.5268,3034
30734,14,-273.7177,-230.3343,0.739,3.9606,-2.1842,3033
30735,14,-272.7352,-224.7001,0.7385,0.8881,0.0952,3032
30736,14,-292.9628,-238.4376,0.7422,4.4632,-0.7247,384
30737,14,-302.9367,-247.5859,0.7422,5.2672,-1.0405,384
30739,14,-280.5427,-231.8244,0.7393,2.5204,-0.7194,3032
30740,14,-284.6148,-240.2798,0.7417,5.7678,-1.1744,386
30741,14,-229.1513,-233.9159,2.3508,3.8831,-2.4479,910
30742,14,-313.0224,-256.8368,0.7422,5.7338,-0.8318,384
30743,14,-222.1269,-250.9653,2.3506,4.9253,-1.3233,908
30744,14,-295.2189,-245.2608,0.7422,8.066,-1.8078,385
30745,14,-322.1819,-265.2385,0.7422,5.3329,0.031,384
30746,14,-298.3141,-257.5981,0.7422,9.7528,-3.0009,387
30747,14,-207.1044,-261.1786,2.3505,10.2441,-2.8756,909
30748,14,-212.1998,-261.0035,2.3505,5.5825,-1.3121,908
30749,14,-202.3425,-261.0165,2.3505,13.6906,-2.652,910
30750,14,-330.1956,-272.5892,0.7422,4.1608,1.2261,384
30717,15,-246.3539,-221.4932,2.3513,1.3927,2.7855,913
30718,15,-261.7772,-224.2027,0.7385,0.924,1.8841,3039
30719,15,-243.7813,-219.1239,2.3532,1.0189,1.868,914
30720,15,-248.7704,-224.0256,2.3502,0.9399,1.8799,912
30721,15,-240.7522,-227.1563,2.3501,0.5374,1.4109,913
30722,15,-264.1472,-221.6252,0.735,0.8562,1.4811,391
30723,15,-266.4192,-218.9603,0.7361,1.2884,2.6037,3037
30724,15,-243.34,-229.5136,-3.9318,0.2211,0.8415,912
30725,15,-268.7446,-216.348,0.7361,1.4233,2.8466,3036
30726,15,-274.957,-221.9908,0.7389,0.9185,0.7577,3031
30727,15,-234.8132,-233.1697,2.3504,0.9328,-0.1162,909
30728,15,-232.1554,-240.8254,2.3506,0.7634,-0.872,908
30729,15,-237.9861,-234.928,-3.933,0.1091,0.0495,908
30730,15,-227.733,-240.326,2.3508,2.3142,-1.0461,909
30731,15,-238.0761,-224.8845,2.3501,0.6016,0.2362,914
30732,15,-282.9809,-229.3098,0.74,2.772,-1.5277,3031
30733,15,-269.1129,-230.8783,0.739,2.151,-1.0079,3034
30734,15,-273.4326,-230.0744,0.739,3.8442,-0.568,3033
30735,15,-272.6661,-224.6372,0.7384,0.949,0.5779,3032
30736,15,-292.6411,-238.1426,0.7422,4.344,-0.8226,384
30737,15,-302.5522,-247.2332,0.7422,5.1897,-1.1061,384
30739,15,-280.364,-231.6614,0.7392,2.4145,-0.1921,3032
30740,15,-284.2006,-239.9004,0.7415,5.5955,-0.9896,386
30741,15,-229.4137,-233.6506,2.3508,3.6749,-2.2781,910
30742,15,-312.6041,-256.4532,0.7422,5.6629,-0.4817,384
30743,15,-222.4604,-250.6282,2.3506,4.6748,-2.693,908
30744,15,-294.6419,-244.7315,0.7422,7.7636,-2.6683,385
30745,15,-321.7897,-264.8788,0.7422,5.3222,0.0584,384
30746,15,-297.6043,-256.9471,0.7422,9.5605,-2.7946,387
30747,15,-207.813,-260.4619,2.3505,10.0255,-2.0996,909
30748,15,-212.5868,-260.612,2.3505,5.4613,-1.7511,908
30749,15,-203.2875,-260.0607,2.3505,13.3479,-3.7071,910
30750,15,-329.8871,-272.3063,0.7422,4.1932,0.3168,384
30717,16,-246.4666,-221.3794,2.3516,1.6713,2.7855,913
30718,16,-261.7001,-224.1325,0.7385,1.0839,1.668,3039
30719,16,-243.8624,-219.0424,2.3535,1.1913,1.6517,914
30720,16,-248.8464,-223.9488,2.3503,1.1279,1.8799,912
30721,16,-240.7972,-227.1108,2.3502,0.6757,1.4115,913
30722,16,-264.075,-221.5599,0.735,1.0102,1.4733,3038
30723,16,-266.3096,-218.861,0.7361,1.5363,2.3019,3037
30724,16,-243.3608,-229.4925,-3.9318,0.3234,1.1095,912
30725,16,-268.6232,-216.2381,0.7361,1.708,2.8466,3036
30726,16,-274.8854,-221.9256,0.7389,0.9942,1.0054,3031
30727,16,-234.8761,-233.1061,2.3503,0.8923,-0.156,909
30728,16,-232.2067,-240.7736,2.3506,0.7128,-0.6537,908
30729,16,-237.9946,-234.9194,-3.933,0.125,0.1577,908
30730,16,-227.888,-240.1693,2.3508,2.1903,-0.5366,909
30731,16,-238.1221,-224.838,2.3501,0.6654,0.4564,914
30732,16,-282.7828,-229.1289,0.74,2.6359,-1.8674,3031
30733,16,-268.9578,-230.7369,0.739,2.0707,-1.1257,3034
30734,16,-273.1588,-229.8249,0.739,3.6516,-2.1744,3033
30735,16,-272.5915,-224.5692,0.7383,1.0319,0.8871,3032
30736,16,-292.326,-237.8536,0.7422,4.238,-1.4694,384
30737,16,-302.173,-246.8854,0.7422,5.1295,-0.6072,384
30739,16,-280.1918,-231.5045,0.7392,2.2999,-1.1822,3032
30740,16,-283.7944,-239.5284,0.7414,5.4523,-2.3419,386
30741,16,-229.6637,-233.3979,2.3508,3.5002,-2.1761,910
30742,16,-312.1917,-256.0749,0.7422,5.5802,-0.6205,384
30743,16,-222.7761,-250.3089,2.3506,4.4258,-2.5659,908
30744,16,-294.0824,-244.2184,0.7422,7.528,-2.5109,385
30745,16,-321.3997,-264.521,0.7422,5.2718,-0.8323,384
30746,16,-296.9083,-256.3087,0.7422,9.3988,-1.8172,387
30747,16,-208.5019,-259.7652,2.3505,9.7404,-2.2942,909
30748,16,-212.9634,-260.2311,2.3505,5.3194,-1.4621,908
30749,16,-204.2115,-259.1262,2.3505,13.0891,-2.1043,910
30750,16,-329.5726,-272.0178,0.7422,4.2755,0.319,384
30717,17,-246.599,-221.2459,2.3519,1.9498,2.7855,913
30718,17,-261.6102,-224.0506,0.7385,1.2582,1.686,3039
30719,17,-243.9565,-218.9478,2.3539,1.3763,1.6904,914
30720,17,-248.9356,-223.8586,2.3503,1.3159,1.8799,912
30721,17,-240.853,-227.0543,2.3502,0.8339,1.5951,913
30722,17,-263.9904,-221.4834,0.735,1.1808,1.5975,3038
30723,17,-266.1916,-218.7541,0.7361,1.5255,-2.657,3037
30724,17,-243.3888,-229.4643,-3.9318,0.4293,1.2496,912
30725,17,-268.4807,-216.109,0.7361,1.9926,2.8466,3036
30726,17,-274.8051,-221.8524,0.7389,1.122,1.3328,3031
30727,17,-234.9388,-233.0427,2.3503,0.8866,-0.212,909
30728,17,-232.2541,-240.7256,2.3506,0.6571,-0.6817,908
30729,17,-238.0046,-234.9093,-3.933,0.148,0.2284,908
30730,17,-228.0361,-240.0196,2.3508,2.068,-1.5375,909
30731,17,-238.1732,-224.7862,2.3501,0.7545,1.0632,914
30732,17,-282.5933,-228.9559,0.74,2.54,-1.0243,3031
30733,17,-268.8081,-230.6005,0.7391,2.0154,-0.4045,3034
30734,17,-272.8954,-229.5848,0.739,3.5428,-0.8922,3033
30735,17,-272.5088,-224.494,0.7382,1.1426,0.9588,3032
30736,17,-292.0205,-237.5734,0.7422,4.1235,-0.8665,384
30737,17,-301.8029,-246.546,0.7422,4.9868,-1.3936,384
30739,17,-280.0235,-231.351,0.7392,2.2662,-0.4972,3032
30740,17,-283.4009,-239.1681,0.7412,5.2882,-2.0135,386
30741,17,-229.9018,-233.1574,2.3508,3.3368,-1.898,910
30742,17,-311.7819,-255.699,0.7422,5.5456,-0.6089,384
30743,17,-223.078,-250.0037,2.3506,4.2371,-2.2424,908
30744,17,-293.5414,-243.7222,0.7422,7.2818,-2.3656,385
30745,17,-321.0119,-264.1653,0.7422,5.2788,0.6938,384
30746,17,-296.2281,-255.6849,0.7422,9.1844,-1.7964,387
30747,17,-209.1763,-259.083,2.3505,9.5357,-2.2671,909
30748,17,-213.3301,-259.8602,2.3505,5.1854,-1.2404,908
30749,17,-205.1157,-258.2116,2.3505,12.7867,-2.9812,910
30750,17,-329.256,-271.7274,0.7422,4.3125,0.6682,384
30717,18,-246.751,-221.0927,2.3522,2.2284,2.7855,913
30718,18,-261.5077,-223.9573,0.7385,1.4298,1.8189,3039
30719,18,-244.0592,-218.8447,2.3543,1.448,-0.2958,914
30720,18,-249.0379,-223.755,2.3503,1.5039,1.8799,912
30721,18,-240.9203,-226.9862,2.3503,0.9932,1.4299,913
30722,18,-263.8951,-221.3973,0.735,1.3177,1.2973,3038
30723,18,-266.1024,-218.6733,0.7361,1.1002,-4.1688,3037
30724,18,-243.4252,-229.4275,2.3513,0.5505,1.3229,912
30725,18,-268.3172,-215.9608,0.7361,2.2773,2.8466,3036
30726,18,-274.7137,-221.7691,0.7388,1.2833,1.8261,3031
30727,18,-235.0024,-232.9784,2.3503,0.9213,0.5893,909
30728,18,-232.2986,-240.6806,2.3506,0.6207,-0.4856,908
30729,18,-238.0169,-234.8969,-3.933,0.1837,0.3398,908
30730,18,-228.1778,-239.8764,2.3508,1.9799,-1.3581,909
30731,18,-238.2309,-224.7278,2.3502,0.848,1.082,914
30732,18,-282.408,-228.7867,0.74,2.4794,-1.2116,3031
30733,18,-268.6595,-230.465,0.7392,2.0053,-0.2935,3034
30734,18,-272.6415,-229.3534,0.739,3.4265,-0.3903,3033
30735,18,-272.428,-224.4205,0.7381,1.0724,-0.8066,3032
30736,18,-291.7241,-237.3015,0.7422,3.9986,-0.9433,384
30737,18,-301.4377,-246.211,0.7422,4.9141,-1.6424,384
30739,18,-279.8612,-231.203,0.7392,2.1598,-1.4638,3032
30740,18,-283.015,-238.815,0.741,5.1978,-1.4121,386
30741,18,-230.1307,-232.926,2.3508,3.202,-2.1021,910
30742,18,-311.3793,-255.3297,0.7422,5.4602,-0.0679,384
30743,18,-223.3655,-249.7131,2.3506,4.0232,-2.592,908
30744,18,-293.0185,-243.2426,0.7422,7.0511,-1.7468,385
30745,18,-320.6248,-263.8103,0.7422,5.2231,-1.1431,384
30746,18,-295.5651,-255.0768,0.7422,8.9246,-2.8566,387
30747,18,-209.8327,-258.4191,2.3505,9.2857,-1.9655,909
30748,18,-213.6877,-259.4987,2.3505,5.0537,-1.2498,908
30749,18,-205.9984,-257.3188,2.3505,12.4684,-3.4504,910
30750,18,-328.9348,-271.4328,0.7422,4.3802,0.8937,384
30717,19,-246.9184,-220.9219,2.3461,2.4983,2.5714,913
30718,19,-261.4027,-223.8617,0.7385,1.3204,-3.9866,3039
30719,19,-244.1395,-218.7642,2.3546,1.0353,-4.0588,914
30720,19,-249.1536,-223.638,2.3504,1.6919,1.8799,912
30721,19,-240.9981,-226.9074,2.3503,1.1517,1.7728,913
30722,19,-263.7888,-221.3012,0.735,1.4557,0.9141,3038
30723,19,-266.0442,-218.6206,0.7361,0.682,-4.1114,3037
30724,19,-243.4701,-229.3821,2.3513,0.6763,1.4948,912
30725,19,-268.0929,-215.749,0.7569,2.5198,1.9643,3036
30726,19,-274.6117,-221.6763,0.7388,1.4196,1.5341,3031
30727,19,-235.0681,-232.9118,2.3502,0.9475,0.4204,909
30728,19,-232.3404,-240.6384,2.3506,0.5894,-0.1887,908
30729,19,-238.0323,-234.8813,-3.933,0.232,0.5301,908
30730,19,-228.3138,-239.7389,2.3508,1.9305,-0.1484,909
30731,19,-238.2915,-224.6665,2.3502,0.8522,-0.3564,914
30732,19,-282.2262,-228.6207,0.74,2.4411,-0.7998,3031
30733,19,-268.5126,-230.331,0.7393,2.0034,0.5704,3034
30734,19,-272.3945,-229.1283,0.739,3.3376,-0.1855,3033
30735,19,-272.352,-224.3514,0.7381,1.0035,-0.9547,3032
30736,19,-291.4322,-237.0338,0.7422,3.9354,-0.9804,384
30737,19,-301.0804,-245.8832,0.7422,4.8351,-0.532,384
30739,19,-279.704,-231.0597,0.7392,2.0989,-1.1856,3032
30740,19,-282.6401,-238.4722,0.7407,5.0659,-0.6336,386
30741,19,-230.3483,-232.706,2.3508,3.0659,-1.1347,910
30742,19,-310.9823,-254.9656,0.7422,5.3685,-0.7366,384
30743,19,-223.6375,-249.438,2.3506,3.7964,-2.8917,908
30744,19,-292.5136,-242.7794,0.7422,6.7665,-3.382,385
30745,19,-320.2395,-263.4568,0.7422,5.2012,-1.0964,384
30746,19,-294.9156,-254.481,0.7422,8.7625,-2.0475,387
30747,19,-210.4701,-257.7746,2.3505,9.0075,-2.2753,909
30748,19,-214.0366,-259.1458,2.3505,4.9216,-1.6523,908
30749,19,-206.8609,-256.4464,2.3505,12.1826,-3.4214,910
30750,19,-328.6096,-271.1344,0.7422,4.4332,0.8106,384
30717,20,-247.1029,-220.7296,2.3353,2.7265,1.8043,913
30718,20,-261.3337,-223.7988,0.7385,0.81,-4.9045,3039
30719,20,-244.1905,-218.713,2.3548,0.618,-4.2001,914
30720,20,-249.2824,-223.5077,2.3505,1.8799,1.8799,912
30721,20,-241.0872,-226.8174,2.3503,1.3108,1.764,913
30722,20,-263.7085,-221.2286,0.735,0.9531,-5.2156,3038
30723,20,-266.0184,-218.5972,0.7361,0.2372,-4.4284,3037
30724,20,-243.5247,-229.327,2.3513,0.8149,1.5848,912
30725,20,-267.9074,-215.565,0.7811,2.7622,2.8378,3036
30726,20,-274.4982,-221.5728,0.7388,1.5731,1.393,3031
30727,20,-235.136,-232.8431,2.3502,0.9784,0.4405,909
30728,20,-232.3798,-240.5985,2.3506,0.555,-0.2297,908
30729,20,-238.0517,-234.8616,-3.933,0.2911,0.5579,908
30730,20,-228.4453,-239.6061,2.3508,1.8471,-0.8592,909
30731,20,-238.3482,-224.6091,2.3502,0.7998,-0.2862,914
30732,20,-282.048,-228.4579,0.74,2.4143,0.0308,3031
30733,20,-268.3714,-230.2023,0.7394,1.8698,-1.6572,3034
30734,20,-272.1562,-228.9111,0.739,3.1849,-1.5905,3033
30735,20,-272.2828,-224.2884,0.738,0.9225,-0.5398,3032
30736,20,-291.1484,-236.7734,0.7422,3.8266,-0.9859,384
30737,20,-300.728,-245.56,0.7422,4.7469,-1.3489,384
30739,20,-279.5534,-230.9224,0.7392,2.0098,-1.1107,3032
30740,20,-282.2736,-238.1373,0.7404,4.9273,-1.5299,3033
30741,20,-230.5567,-232.4954,2.3508,2.9133,-1.9695,910
30742,20,-310.5883,-254.6042,0.7422,5.3534,0.2964,384
30743,20,-223.8952,-249.1774,2.3506,3.6253,-1.5943,908
30744,20,-292.0267,-242.3328,0.7422,6.5396,-2.7147,385
30745,20,-319.8584,-263.1072,0.7422,5.1672,-0.1662,384
30746,20,-294.2791,-253.8972,0.7422,8.597,-1.5497,387
30747,20,-211.0931,-257.1446,2.3506,8.8163,-1.725,909
30748,20,-214.3765,-258.8021,2.3506,4.823,-0.4572,908
30749,20,-207.7027,-255.5951,2.3505,11.8911,-3.2472,910
30750,20,-328.2853,-270.8369,0.7422,4.4129,0.479,384
30717,21,-247.2988,-220.5205,2.3236,2.9281,1.9647,913
30718,21,-261.3037,-223.7716,0.7385,0.2703,-5.3839,3039
30719,21,-244.214,-218.6924,-3.929,0.2105,-4.0425,914
30720,21,-249.4193,-223.3675,2.3443,2.0278,1.0294,912
30721,21,-241.1856,-226.7178,2.3504,1.4351,1.3767,913
30722,21,-263.6663,-221.1905,0.735,0.4381,-5.2156,3038
30723,21,-266.0175,-218.5964,0.7361,0.0001,-0.5058,3037
30724,21,-243.5891,-229.262,2.3513,0.9515,1.4214,912
30725,21,-267.7115,-215.3602,0.8076,2.9815,2.3826,3036
30726,21,-274.3719,-221.4578,0.7388,1.7561,1.8276,3031
30727,21,-235.2071,-232.7712,2.3501,1.0237,0.441,909
30728,21,-232.4179,-240.5601,2.3506,0.5339,-0.2764,908
30729,21,-238.0754,-234.8376,-3.933,0.3541,0.6351,908
30730,21,-228.572,-239.478,2.3508,1.7786,-0.8976,909
30731,21,-238.4019,-224.5548,2.3503,0.7548,-0.3609,914
30732,21,-281.872,-228.2973,0.74,2.3866,0.1737,3031
30733,21,-268.2407,-230.0831,0.7395,1.752,-0.7438,3034
30734,21,-271.9334,-228.708,0.739,2.9952,-0.8379,3033
30735,21,-272.2188,-224.2302,0.7379,0.8435,-0.8931,3032
30736,21,-290.8698,-236.5179,0.7422,3.761,-0.7406,384
30737,21,-300.3819,-245.2426,0.7422,4.6672,-1.1437,384
30739,21,-279.41,-230.7917,0.7393,1.9195,-0.8528,3032
30740,21,-281.9168,-237.8113,0.7402,4.7622,-2.8753,3033
30741,21,-230.7539,-232.2961,2.3508,2.7706,-1.3496,910
30742,21,-310.2009,-254.2488,0.7422,5.2464,-0.3993,384
30743,21,-224.1408,-248.9291,2.3506,3.4456,-1.857,908
30744,21,-291.5572,-241.9022,0.7422,6.3148,-2.2032,385
30745,21,-319.476,-262.7565,0.7422,5.1724,-0.649,384
30746,21,-293.6583,-253.3278,0.7422,8.3652,-2.3765,387
30747,21,-211.6986,-256.5324,2.3507,8.5658,-1.7777,909
30748,21,-214.7093,-258.4655,2.3506,4.7045,-1.1389,908
30749,21,-208.5262,-254.7624,2.3506,11.6377,-2.9159,910
30750,21,-327.9573,-270.5361,0.7422,4.4804,1.2026,384
30717,22,-247.5084,-220.2936,2.3166,3.1437,2.0485,913
30718,22,-261.3032,-223.7711,0.7385,0.0003,-0.255,3039
30719,22,-244.214,-218.6924,-3.929,0.0,-0.0205,914
30720,22,-249.5667,-223.2136,2.3343,2.1852,1.4674,912
30721,22,-241.294,-226.6082,2.3504,1.5787,1.484,913
30722,22,-263.6594,-221.1842,0.735,0.0017,-3.6741,3038
30723,22,-266.0175,-218.5964,0.7361,0.0,0.0,3037
30724,22,-243.663,-229.1874,2.3513,1.0876,1.505,912
30725,22,-267.4811,-215.0967,0.8523,3.2433,2.5861,3036
30726,22,-274.2334,-221.3316,0.7388,1.9102,1.3441,3031
30727,22,-235.282,-232.6953,2.3501,1.0806,0.5028,909
30728,22,-232.4546,-240.5229,2.3506,0.5227,-0.0001,908
30729,22,-238.1048,-234.8079,-3.933,0.4367,0.7216,908
30730,22,-228.6954,-239.3533,2.3508,1.744,-0.4249,909
30731,22,-238.4508,-224.5053,2.3503,0.6815,-0.5742,914
30732,22,-281.6962,-228.1367,0.7399,2.3971,0.6389,3031
30733,22,-268.1203,-229.9732,0.7396,1.6117,-0.7648,3034
30734,22,-271.724,-228.5171,0.739,2.8113,-0.908,3033
30735,22,-272.16,-224.1767,0.7379,0.7794,-0.6152,3032
30736,22,-290.5988,-236.2693,0.7422,3.667,-0.4172,384
30737,22,-300.0433,-244.932,0.7422,4.5716,-0.9436,384
30739,22,-279.2723,-230.6661,0.7393,1.8401,-0.9634,3032
30740,22,-281.5694,-237.494,0.74,4.661,-1.8077,3033
30741,22,-230.9418,-232.1062,2.3508,2.6231,-1.8983,910
30742,22,-309.8168,-253.8965,0.7422,5.186,-1.0201,384
30743,22,-224.3719,-248.6954,2.3506,3.269,-0.7559,908
30744,22,-291.1031,-241.4856,0.7422,6.1014,-2.444,385
30745,22,-319.0969,-262.4088,0.7422,5.1597,0.6539,384
30746,22,-293.0513,-252.771,0.7422,8.1621,-2.9483,387
30747,22,-212.2884,-255.9362,2.3507,8.3461,-1.5705,909
30748,22,-215.0317,-258.1395,2.3506,4.5583,-1.0802,908
30749,22,-209.3275,-253.9523,2.3507,11.3341,-2.4179,910
30750,22,-327.6265,-270.2327,0.7422,4.4982,0.4086,384
30717,23,-247.7315,-220.0503,2.3129,3.3691,2.6707,3468
30718,23,-261.3032,-223.7711,0.7385,0.0,0.0,3039
30719,23,-244.214,-218.6924,-3.929,0.0,0.0,914
30720,23,-249.7225,-223.0471,2.3231,2.3194,0.9434,912
30721,23,-241.4117,-226.4891,2.3505,1.7115,1.4855,913
30722,23,-263.6594,-221.1842,0.735,0.0,-0.0003,3038
30723,23,-266.0175,-218.5964,0.7361,0.0,0.0,3037
30724,23,-243.7456,-229.1039,2.3513,1.2126,1.5098,912
30725,23,-267.2856,-214.8487,0.903,3.4943,2.316,3036
30726,23,-274.0828,-221.1944,0.7387,2.076,1.4473,3031
30727,23,-235.3624,-232.614,2.35,1.1721,1.071,909
30728,23,-232.4912,-240.4859,2.3506,0.5181,-0.099,908
30729,23,-238.1395,-234.7727,2.35,0.5139,0.7605,908
30730,23,-228.8159,-239.2315,2.3508,1.6952,-0.7419,909
30731,23,-238.4962,-224.4594,2.3503,0.6269,-0.7401,914
30732,23,-281.5206,-227.9765,0.7398,2.3935,0.6555,3031
30733,23,-268.0103,-229.8728,0.7396,1.4558,-1.384,3034
30734,23,-271.5289,-228.3393,0.739,2.5878,-2.1018,3033
30735,23,-272.1062,-224.1279,0.7378,0.7106,-0.6267,3032
30736,23,-290.3316,-236.0242,0.7422,3.5893,-1.4518,384
30737,23,-299.7087,-244.6251,0.7422,4.501,-1.564,384
30739,23,-279.1396,-230.545,0.7394,1.7746,-0.8842,3032
30740,23,-281.2358,-237.1894,0.7399,4.4849,-1.3369,3033
30741,23,-231.1211,-231.925,2.3508,2.5036,-1.8671,910
30742,23,-309.4371,-253.5482,0.7422,5.1377,-0.5915,384
30743,23,-224.589,-248.4759,2.3506,3.046,-1.6496,908
30744,23,-290.6671,-241.0858,0.7422,5.8571,-2.3261,385
30745,23,-318.7204,-262.0634,0.7422,5.0934,-0.6252,384
30746,23,-292.4604,-252.229,0.7422,7.9591,-2.3609,387
30747,23,-212.8615,-255.3568,2.3507,8.0751,-2.9591,909
30748,23,-215.3444,-257.8234,2.3506,4.4147,-1.2564,908
30749,23,-210.1091,-253.1621,2.3507,11.0463,-2.7133,910
30750,23,-327.2944,-269.928,0.7422,4.5165,0.4097,384
30717,24,-247.9685,-219.7912,2.3117,3.5661,2.201,3468
30718,24,-261.3032,-223.7711,0.7385,0.0,0.0,3039
30719,24,-244.214,-218.6924,-3.929,0.0,0.0,914
30720,24,-249.8856,-222.8705,2.3165,2.4537,1.82,912
30721,24,-241.5378,-226.3616,2.3506,1.8306,1.4676,913
30722,24,-263.6594,-221.1842,0.735,0.0,0.0,3038
30723,24,-266.0175,-218.5964,0.7361,0.0,0.0,3037
30724,24,-243.838,-229.0107,2.3513,1.3361,0.9296,912
30725,24,-267.0874,-214.5704,0.952,3.6944,1.4473,3036
30726,24,-273.9195,-221.0457,0.7387,2.2541,1.6542,3031
30727,24,-235.4485,-232.5269,2.35,1.2433,0.6788,909
30728,24,-232.5281,-240.4486,2.3506,0.5269,0.1077,908
30729,24,-238.1805,-234.7312,2.35,0.6117,1.0968,908
30730,24,-228.933,-239.1131,2.3508,1.6642,-0.0336,909
30731,24,-238.5374,-224.4177,2.3503,0.57,-0.6562,914
30732,24,-281.344,-227.8152,0.7398,2.4045,0.5374,3031
30733,24,-267.9093,-229.7806,0.7397,1.3385,-1.1792,3034
30734,24,-271.345,-228.1717,0.739,2.4583,-1.2187,3033
30735,24,-272.0569,-224.083,0.7378,0.6473,-0.793,3032
30736,24,-290.0694,-235.7838,0.742,3.5357,-0.9068,384
30737,24,-299.3787,-244.3224,0.7422,4.4522,-0.9738,384
30739,24,-279.0136,-230.4301,0.7394,1.6719,-1.3384,3032
30740,24,-280.915,-236.8967,0.7398,4.307,-1.4588,3033
30741,24,-231.2915,-231.7528,2.3508,2.3977,-0.9683,910
30742,24,-309.0611,-253.2033,0.7422,5.0949,-0.282,384
30743,24,-224.7961,-248.2665,2.3506,2.8944,-2.0002,908
30744,24,-290.2478,-240.7012,0.7422,5.6493,-1.5853,385
30745,24,-318.3447,-261.7188,0.7422,5.0923,-0.1669,384
30746,24,-291.8849,-251.7012,0.7422,7.7703,-1.5371,387
30747,24,-213.4183,-254.794,2.3508,7.8533,-2.5211,909
30748,24,-215.6502,-257.5142,2.3506,4.3294,-0.7974,908
30749,24,-210.8711,-252.3919,2.3507,10.7813,-2.1439,910
30750,24,-326.9611,-269.6224,0.7422,4.5462,0.9761,384
30717,25,-248.2181,-219.5176,2.3102,3.7459,1.7114,3468
30718,25,-261.3032,-223.7711,0.7385,0.0,0.0,3039
30719,25,-244.214,-218.6924,-3.929,0.0,0.0,914
30720,25,-250.0596,-222.6808,2.3131,2.6102,1.3653,912
30721,25,-241.675,-226.2229,2.3506,1.9951,1.7806,913
30722,25,-263.6594,-221.1842,0.735,0.0,0.0,3038
30723,25,-266.0175,-218.5964,0.7361,0.0,0.0,3037
30724,25,-243.9395,-228.9082,2.3513,1.4832,1.6248,912
30725,25,-266.8847,-214.2591,0.9936,3.9336,2.3297,3036
30726,25,-273.745,-220.8868,0.7387,2.3919,1.1493,3031
30727,25,-235.5395,-232.4346,2.35,1.3285,1.2182,909
30728,25,-232.5667,-240.4095,2.3506,0.5521,0.0971,908
30729,25,-238.228,-234.6832,2.35,0.6984,0.8911,908
30730,25,-229.0496,-238.9953,2.3508,1.6503,-0.2693,909
30731,25,-238.5749,-224.3797,2.3504,0.5204,-0.5388,914
30732,25,-281.1646,-227.6515,0.7397,2.4406,0.4651,3031
30733,25,-267.8154,-229.695,0.7397,1.2508,-0.8076,3034
30734,25,-271.1728,-228.0148,0.739,2.296,-1.3969,3033
30735,25,-272.0117,-224.042,0.7377,0.5966,-0.5712,3032
30736,25,-289.8118,-235.5479,0.7416,3.4995,0.0478,384
30737,25,-299.0566,-244.027,0.7422,4.3535,-0.657,384
30739,25,-278.8937,-230.3207,0.7394,1.6064,-0.6747,3032
30740,25,-280.6037,-236.6125,0.7397,4.1661,-2.0051,3033
30741,25,-231.4515,-231.591,2.3508,2.2348,-1.6181,910
30742,25,-308.6922,-252.8649,0.7422,4.9966,-0.3451,384
30743,25,-224.9942,-248.0662,2.3506,2.7786,-1.5737,908
30744,25,-289.8454,-240.3321,0.7422,5.3909,-2.7938,385
30745,25,-317.9728,-261.3777,0.7422,5.0014,-1.8108,384
30746,25,-291.3228,-251.1856,0.7422,7.5804,-1.8771,387
30747,25,-213.9591,-254.2474,2.3508,7.6379,-2.0414,909
30748,25,-215.9471,-257.2139,2.3506,4.1809,-1.6792,908
30749,25,-211.6126,-251.6423,2.3508,10.479,-2.5851,910
30750,25,-326.6258,-269.3147,0.7422,4.5564,0.2495,384
30717,26,-248.4751,-219.2282,2.297,3.9367,1.9923,3468
30718,26,-261.3032,-223.7711,0.7385,0.0,0.0,3039
30719,26,-244.214,-218.6924,-3.929,0.0,0.0,914
30720,26,-250.2427,-222.4809,2.3121,2.7383,1.1212,3467
30721,26,-241.8214,-226.0748,2.3507,2.114,1.2277,913
30722,26,-263.6594,-221.1842,0.735,0.0,0.0,3038
30723,26,-266.0175,-218.5964,0.7361,0.0,0.0,3037
30724,26,-244.0508,-228.7958,2.3513,1.6176,1.433,912
30725,26,-266.6788,-213.9183,1.0272,4.1247,1.6999,3036
30726,26,-273.5615,-220.7197,0.7385,2.5118,1.2137,3031
30727,26,-235.6361,-232.3369,2.3499,1.401,0.9826,909
30728,26,-232.6064,-240.3694,2.3506,0.5723,0.332,908
30729,26,-238.2825,-234.628,2.35,0.7963,0.7793,908
30730,26,-229.164,-238.8796,2.3508,1.6273,0.0146,909
30731,26,-238.6087,-224.346,-3.9328,0.4659,-0.4799,914
30732,26,-280.9801,-227.4832,0.7397,2.5099,0.532,3031
30733,26,-267.729,-229.6161,0.7398,1.1466,-0.9684,3034
30734,26,-271.0134,-227.8696,0.739,2.1326,-1.0649,3033
30735,26,-271.9707,-224.0047,0.7377,0.5391,-0.6295,3032
30736,26,-289.5561,-235.3138,0.7412,3.4657,-0.2366,384
30737,26,-298.7376,-243.7344,0.7422,4.2871,-1.6679,384
30739,26,-278.7792,-230.2163,0.7395,1.5366,-0.5458,3032
30740,26,-280.302,-236.3373,0.7396,4.0686,-0.6637,3033
30741,26,-231.6027,-231.4382,2.3508,2.1223,-1.1109,910
30742,26,-308.3275,-252.5304,0.7422,4.9418,-0.2554,384
30743,26,-225.1806,-247.8778,2.3506,2.6027,-1.8947,908
30744,26,-289.458,-239.9768,0.7422,5.225,-1.2609,385
30745,26,-317.6045,-261.0399,0.7422,5.0053,0.3214,384
30746,26,-290.7748,-250.683,0.7422,7.4126,-0.883,387
30747,26,-214.487,-253.7138,2.3508,7.4571,-1.9605,909
30748,26,-216.2354,-256.9224,2.3506,4.0546,-1.8163,908
30749,26,-212.3349,-250.9123,2.3508,10.194,-3.0331,910
30750,26,-326.2914,-269.008,0.7422,4.5187,-0.7555,384
30717,27,-248.7441,-218.917,2.2836,4.1926,2.5385,3468
30718,27,-261.3032,-223.7711,0.7385,0.0,0.0,3039
30719,27,-244.214,-218.6924,-3.929,0.0,0.0,914
30720,27,-250.4352,-222.27,2.3108,2.8798,0.9741,3467
30721,27,-241.9759,-225.9186,2.3507,2.2296,1.2999,913
30722,27,-263.6594,-221.1842,0.735,0.0,0.0,3038
30723,27,-266.0175,-218.5964,0.7361,0.0,0.0,3037
30724,27,-244.1734,-228.672,2.3513,1.7846,1.6499,912
30725,27,-266.4838,-213.5544,1.0789,4.2941,1.769,3036
30726,27,-273.3654,-220.5413,0.7382,2.7033,2.1388,3031
30727,27,-235.7391,-232.2325,2.3499,1.48,0.4646,909
30728,27,-232.6493,-240.326,2.3506,0.6203,0.3906,908
30729,27,-238.3443,-234.5654,2.3499,0.9034,0.9085,908
30730,27,-229.2793,-238.7631,2.3508,1.642,0.1054,909
30731,27,-238.6396,-224.3147,-3.9328,0.4275,-0.4645,914
30732,27,-280.7933,-227.3127,0.7396,2.5519,0.9229,3031
30733,27,-267.6491,-229.5432,0.7398,1.0583,-0.9552,3034
30734,27,-270.8666,-227.7358,0.7389,1.9512,-1.5415,3033
30735,27,-271.9321,-223.9715,0.7382,0.4979,-0.4329,3032
30736,27,-289.3037,-235.0828,0.7409,3.4085,-0.7232,384
30737,27,-298.4229,-243.4458,0.7422,4.2248,-1.7937,384
30739,27,-278.6706,-230.1172,0.7395,1.4457,-0.9496,3032
30740,27,-280.0118,-236.0725,0.7395,3.8917,-1.4842,3033
30741,27,-231.7456,-231.2938,2.3508,2.0034,-1.1372,910
30742,27,-307.9653,-252.1983,0.7422,4.9081,-0.2272,384
30743,27,-225.3553,-247.7011,2.3506,2.4374,-1.9045,908
30744,27,-289.086,-239.6355,0.7422,4.9802,-2.7121,385
30745,27,-317.2383,-260.7039,0.7422,4.9721,0.1316,384
30746,27,-290.2415,-250.1938,0.7422,7.1627,-2.9722,387
30747,27,-214.9993,-253.196,2.3508,7.25,-1.3313,909
30748,27,-216.5142,-256.6405,2.3506,3.9305,-1.397,908
30749,27,-213.0369,-250.2027,2.3508,9.9028,-3.1651,910
30750,27,-325.9552,-268.6997,0.7422,4.5662,0.2233,384
30717,28,-249.0246,-218.5846,2.2715,4.4223,2.4816,3468
30718,28,-261.3032,-223.7711,0.7385,0.0,0.0,3039
30719,28,-244.214,-218.6924,-3.929,0.0,0.0,914
30720,28,-250.6359,-222.0498,2.3096,3.0255,1.8464,3467
30721,28,-242.1388,-225.754,2.3508,2.346,1.1866,913
30722,28,-263.6594,-221.1842,0.735,0.0,0.0,3038
30723,28,-266.0175,-218.5964,0.7361,0.0,0.0,3037
30724,28,-244.3038,-228.5403,2.3513,1.8901,1.4253,912
30725,28,-266.3042,-213.1739,1.1297,4.4725,1.8406,3036
30726,28,-273.1589,-220.3535,0.7379,2.8193,1.1936,3031
30727,28,-235.8502,-232.1201,2.3498,1.604,0.8549,909
30728,28,-232.6945,-240.2803,2.3506,0.6533,0.4335,908
30729,28,-238.4134,-234.4954,2.3499,1.0058,0.8264,908
30730,28,-229.3942,-238.647,2.3508,1.6223,-0.4385,909
30731,28,-238.6675,-224.2866,-3.9328,0.3895,-0.2635,914
30732,28,-280.6009,-227.1371,0.7396,2.6091,0.1778,3031
30733,28,-267.5764,-229.4768,0.7398,0.9624,-0.9185,3034
30734,28,-270.7293,-227.6107,0.7389,1.8115,-1.9099,3033
30735,28,-271.8979,-223.9404,0.7382,0.4486,-0.5584,3032
30736,28,-289.0547,-234.8552,0.7406,3.363,-0.5892,384
30737,28,-298.1128,-243.1614,0.7422,4.1688,-1.5355,384
30739,28,-278.567,-230.0227,0.7395,1.3881,-0.5747,3032
30740,28,-279.731,-235.8164,0.7395,3.7433,-2.3492,3033
30741,28,-231.8805,-231.1574,2.3508,1.8793,-1.6065,910
30742,28,-307.6087,-251.8711,0.7422,4.8484,0.3739,384
30743,28,-225.5224,-247.5321,2.3506,2.3413,-1.4092,908
30744,28,-288.731,-239.3099,0.7422,4.7531,-2.5546,385
30745,28,-316.8754,-260.3711,0.7422,4.9078,-0.6372,384
30746,28,-289.7221,-249.7174,0.7422,7.0293,-0.7331,387
30747,28,-215.4973,-252.6926,2.3508,7.0369,-1.746,909
30748,28,-216.7857,-256.366,2.3506,3.8494,-0.43,908
30749,28,-213.7197,-249.5126,2.3508,9.6318,-3.0212,910
30750,28,-325.6182,-268.3905,0.7422,4.549,-0.9717,384
30717,29,-249.316,-218.2314,2.2608,4.6512,2.5448,3468
30718,29,-261.3032,-223.7711,0.7385,0.0,0.0,3039
30719,29,-244.214,-218.6924,-3.929,0.0,0.0,914
30720,29,-250.8457,-221.819,2.3085,3.1587,1.6229,3467
30721,29,-242.312,-225.579,2.3508,2.4949,1.2915,913
30722,29,-263.6594,-221.1842,0.735,0.0,0.0,3038
30723,29,-266.0175,-218.5964,0.7361,0.0,0.0,3037
30724,29,-244.4442,-228.3986,2.3513,2.0274,1.3011,912
30725,29,-266.1322,-212.7615,1.1755,4.7073,2.5815,3036
30726,29,-272.9405,-220.155,0.7377,2.9924,1.7004,389
30727,29,-235.9671,-232.0016,2.3498,1.6794,0.4758,909
30728,29,-232.7434,-240.2309,2.3506,0.7019,0.2572,908
30729,29,-238.4907,-234.4172,2.3499,1.1259,0.9744,908
30730,29,-229.5098,-238.5302,2.3508,1.6359,-0.259,909
30731,29,-238.6928,-224.261,-3.9328,0.3494,-0.418,914
30732,29,-280.4047,-226.9582,0.7395,2.6772,0.8869,3031
30733,29,-267.5102,-229.4163,0.7399,0.8858,-0.4721,3034
30734,29,-270.6034,-227.496,0.7389,1.6735,-1.3244,3033
30735,29,-271.8669,-223.9122,0.7381,0.4082,-0.406,3032
30736,29,-288.8077,-234.6295,0.7403,3.3566,0.207,384
30737,29,-297.8071,-242.8809,0.7422,4.1299,-0.7313,384
30739,29,-278.4705,-229.9347,0.7396,1.2891,-0.6964,3032
30740,29,-279.4609,-235.57,0.7394,3.6079,-1.9439,3033
30741,29,-232.0088,-231.0277,2.3506,1.7868,-1.6093,910
30742,29,-307.2569,-251.5485,0.7422,4.7524,-0.8145,384
30743,29,-225.6808,-247.372,2.3506,2.2372,-0.5867,908
30744,29,-288.3909,-238.998,0.7422,4.5611,-2.1399,385
30745,29,-316.5126,-260.0383,0.7422,4.8948,-1.1157,384
30746,29,-289.2167,-249.2539,0.7422,6.8126,-1.8103,387
30747,29,-215.9807,-252.204,2.3508,6.8131,-2.3764,909
30748,29,-217.0492,-256.0996,2.3506,3.7144,-1.3051,908
30749,29,-214.3835,-248.8417,2.3508,9.3563,-3.2644,910
30750,29,-325.2802,-268.0805,0.7422,4.6066,0.8119,384
30717,30,-249.617,-217.8597,2.2513,4.8435,2.1832,3468
30718,30,-261.3032,-223.7711,0.7385,0.0,0.0,3039
30719,30,-244.214,-218.6924,-3.929,0.0,0.0,914
30720,30,-251.0619,-221.5766,2.2991,3.2938,1.3274,3467
30721,30,-242.4969,-225.3921,2.3509,2.6736,1.7902,913
30722,30,-263.6594,-221.1842,0.735,0.0,0.0,3038
30723,30,-266.0175,-218.5964,0.7361,0.0,0.0,3037
30724,30,-244.5947,-228.2466,2.3513,2.1785,1.5581,912
30725,30,-265.9902,-212.3399,1.246,4.8999,2.2889,3036
30726,30,-272.7078,-219.9435,0.7375,3.196,2.0997,389
30727,30,-236.0913,-231.8758,2.3497,1.7795,0.37,909
30728,30,-232.7964,-240.1773,2.3506,0.7696,0.6215,908
30729,30,-238.5756,-234.3312,2.3498,1.2391,1.1354,908
30730,30,-229.6273,-238.4114,2.3508,1.7011,1.1874,909
30731,30,-238.7159,-224.2376,-3.9328,0.3208,-0.31,914
30732,30,-280.201,-226.7723,0.7395,2.788,1.2119,3031
30733,30,-267.4499,-229.3613,0.7399,0.8014,-0.5906,3034
30734,30,-270.485,-227.3882,0.7388,1.5763,-1.0588,3033
30735,30,-271.8389,-223.8867,0.7381,0.3692,-0.4143,3032
30736,30,-288.5626,-234.4056,0.7401,3.3234,-0.0642,384
30737,30,-297.5057,-242.6045,0.7422,4.069,-0.8322,384
30739,30,-278.3783,-229.8505,0.7396,1.247,-0.0882,3032
30740,30,-279.2009,-235.3329,0.7394,3.4937,-1.0201,3033
30741,30,-232.1282,-230.9069,2.3505,1.6777,-0.9341,910
30742,30,-306.9079,-251.2284,0.7422,4.7257,-0.3872,384
30743,30,-225.8319,-247.2192,2.3506,2.1334,-0.6118,908
30744,30,-288.0639,-238.698,0.7422,4.3783,-2.3534,385
30745,30,-316.1549,-259.7102,0.7422,4.8522,-0.0588,384
30746,30,-288.7244,-248.8024,0.7422,6.6541,-1.0023,387
30747,30,-216.4485,-251.7312,2.3508,6.6046,-1.8559,909
30748,30,-217.3059,-255.84,2.3506,3.6019,-1.9649,908
30749,30,-215.0275,-248.1908,2.3508,9.0771,-3.177,910
30750,30,-324.9442,-267.7723,0.7422,4.5591,0.0071,384
30717,31,-249.9274,-217.4699,2.2432,5.0452,2.3532,3468
30718,31,-261.3032,-223.7711,0.7385,0.0,0.0,3039
30719,31,-244.214,-218.6924,-3.929,0.0,0.0,914
30720,31,-251.2828,-221.3231,2.2877,3.4048,1.1867,3467
30721,31,-242.6938,-225.1931,2.3509,2.8411,1.6557,913
30722,31,-263.6594,-221.1842,0.735,0.0,0.0,3038
30723,31,-266.0175,-218.5964,0.7361,0.0,0.0,3037
30724,31,-244.753,-228.0867,2.3513,2.2702,0.8101,912
30725,31,-265.8653,-211.8774,1.307,5.1159,1.7395,3036
30726,31,-272.4639,-219.722,0.7373,3.3283,1.4211,389
30727,31,-236.2248,-231.7406,2.3497,1.9284,0.9911,909
30728,31,-232.8538,-240.1193,2.3506,0.8281,0.4888,908
30729,31,-238.6699,-234.2357,2.3498,1.3687,0.9999,908
30730,31,-229.7463,-238.2912,2.3508,1.7078,0.667,909
30731,31,-238.7369,-224.2164,-3.9328,0.2881,-0.3973,914
30732,31,-279.9914,-226.5811,0.7395,2.8592,0.8848,3031
30733,31,-267.3952,-229.3114,0.7399,0.728,-0.5172,3034
30734,31,-270.3765,-227.2893,0.7388,1.4465,-0.9479,3033
30735,31,-271.8133,-223.8634,0.7381,0.3333,-0.4978,3032
30736,31,-288.3153,-234.1798,0.7399,3.3524,-0.017,384
30737,31,-297.2087,-242.3321,0.7422,4.0184,-0.433,384
30739,31,-278.292,-229.7718,0.7396,1.1521,-0.653,3032
30740,31,-278.9514,-235.1053,0.7393,3.3251,-2.1218,3033
30741,31,-232.24,-230.7939,2.3505,1.5718,-0.7881,910
30742,31,-306.5632,-250.9121,0.7422,4.665,-0.513,384
30743,31,-225.9771,-247.0724,2.3506,2.0365,-1.133,908
30744,31,-287.7508,-238.4109,0.7422,4.2173,-1.2235,385
30745,31,-315.7974,-259.3823,0.7422,4.836,-0.5741,384
30746,31,-288.2489,-248.3662,0.7422,6.3994,-2.0929,387
30747,31,-216.9047,-251.2701,2.3508,6.4374,-1.9368,909
30748,31,-217.5543,-255.5888,2.3506,3.5068,-1.0638,908
30749,31,-215.6525,-247.5591,2.3508,8.7993,-3.4916,910
30750,31,-324.6052,-267.4614,0.7422,4.5969,-0.0916,384
30717,32,-250.2479,-217.0614,2.2361,5.2382,1.7371,3468
30718,32,-261.3032,-223.7711,0.7385,0.0,0.0,3039
30719,32,-244.214,-218.6924,-3.929,0.0,0.0,914
30720,32,-251.5103,-221.0566,2.2773,3.5389,0.9539,3467
30721,32,-242.9012,-224.9836,2.3509,2.9729,0.9611,913
30722,32,-263.6594,-221.1842,0.735,0.0,0.0,3038
30723,32,-266.0175,-218.5964,0.7361,0.0,0.0,3037
30724,32,-244.9211,-227.917,2.3513,2.4055,0.6493,912
30725,32,-265.7789,-211.4117,1.3874,5.2899,1.5363,3036
30726,32,-272.2065,-219.4883,0.7372,3.5284,2.1274,389
30727,32,-236.3664,-231.5971,2.3496,2.0713,2.1064,909
30728,32,-232.9167,-240.0557,2.3506,0.9118,0.714,908
30729,32,-238.772,-234.1323,2.3497,1.4944,1.5557,908
30730,32,-229.87,-238.1661,2.3508,1.7687,0.3727,909
30731,32,-238.7557,-224.1974,-3.9328,0.2646,-0.1588,914
30732,32,-279.7737,-226.3826,0.7394,2.9762,1.2083,3031
30733,32,-267.3447,-229.2653,0.7399,0.6723,-0.4755,3034
30734,32,-270.2754,-227.1972,0.7388,1.3527,-0.6773,3033
30735,32,-271.7901,-223.8423,0.738,0.3042,-0.391,3032
30736,32,-288.0678,-233.954,0.7397,3.3454,-0.3937,384
30737,32,-296.9113,-242.0593,0.7422,4.0364,0.0481,384
30739,32,-278.2092,-229.6962,0.7396,1.1078,-0.5227,3032
30740,32,-278.7132,-234.8882,0.7393,3.179,-1.796,3033
30741,32,-232.3468,-230.6858,2.3504,1.496,-1.0632,910
30742,32,-306.2227,-250.5999,0.7422,4.6136,-0.2134,384
30743,32,-226.1151,-246.9329,2.3506,1.9413,-0.8635,908
30744,32,-287.4528,-238.1377,0.742,4.0311,-0.5944,385
30745,32,-315.4421,-259.0564,0.7422,4.8063,-0.5902,384
30746,32,-287.7844,-247.9402,0.7422,6.252,-2.0257,387
30747,32,-217.3483,-250.8218,2.3508,6.2474,-2.3472,909
30748,32,-217.7954,-255.345,2.3506,3.3962,-1.2855,908
30749,32,-216.2589,-246.9462,2.3508,8.5714,-1.9943,910
30750,32,-324.2678,-267.1519,0.7422,4.5898,0.4721,384
30717,33,-250.5801,-216.6328,2.2301,5.4817,2.2973,3468
30718,33,-261.3032,-223.7711,0.7385,0.0,0.0,3039
30719,33,-244.214,-218.6924,-3.929,0.0,0.0,914
30720,33,-251.7425,-220.7793,2.2679,3.6521,1.1217,3467
30721,33,-243.1173,-224.7652,2.351,3.1127,1.6062,913
30722,33,-263.6594,-221.1842,0.735,0.0,0.0,3038
30723,33,-266.0175,-218.5964,0.7361,0.0,0.0,3037
30724,33,-245.0987,-227.7377,2.3513,2.5369,0.4785,912
30725,33,-265.7286,-210.9207,1.4686,5.4514,1.4952,3035
30726,33,-271.9382,-219.2447,0.737,3.6534,1.2541,389
30727,33,-236.5151,-231.4466,2.3496,2.1416,0.9843,909
30728,33,-232.9849,-239.9867,2.3506,0.9873,0.6615,908
30729,33,-238.8814,-234.0215,2.3497,1.593,1.3382,908
30730,33,-229.9958,-238.039,2.3508,1.7986,0.4232,909
30731,33,-238.7728,-224.1801,-3.9328,0.238,-0.1602,914
30732,33,-279.5488,-226.1774,0.7394,3.0786,1.3648,3031
30733,33,-267.2986,-229.2231,0.74,0.6096,-0.6299,3034
30734,33,-270.1827,-227.1127,0.7388,1.2378,-0.7274,3033
30735,33,-271.769,-223.8232,0.738,0.278,-0.2709,3032
30736,33,-287.8204,-233.7282,0.7397,3.3523,-0.0133,384
30737,33,-296.617,-241.7893,0.7422,3.976,-0.6846,384
30739,33,-278.132,-229.6258,0.7396,1.0259,-0.7617,3032
30740,33,-278.4837,-234.6789,0.7393,3.0621,-1.7732,3033
30741,33,-232.4456,-230.5859,2.3503,1.3928,-0.5903,910
30742,33,-305.8844,-250.2896,0.7422,4.575,-0.6162,384
30743,33,-226.2486,-246.7979,2.3506,1.898,-0.0371,908
30744,33,-287.168,-237.8767,0.7418,3.7979,-2.6506,385
30745,33,-315.0895,-258.7329,0.7422,4.7548,-1.1743,384
30746,33,-287.3333,-247.5264,0.7422,6.074,-1.9261,387
30747,33,-217.779,-250.3865,2.3508,6.0813,-1.6964,909
30748,33,-218.0292,-255.1086,2.3506,3.2997,-1.0245,908
30749,33,-216.8462,-246.3526,2.3508,8.2705,-3.21,910
30750,33,-323.9297,-266.8418,0.7422,4.5913,0.1562,384
30717,34,-250.9228,-216.1859,2.2249,5.6844,2.0938,3468
30718,34,-261.3032,-223.7711,0.7385,0.0,0.0,3039
30719,34,-244.214,-218.6924,-3.929,0.0,0.0,914
30720,34,-251.9821,-220.4882,2.2594,3.813,1.4378,3467
30721,34,-243.3447,-224.5355,2.351,3.2767,1.7362,913
30722,34,-263.6594,-221.1842,0.735,0.0,0.0,3038
30723,34,-266.0175,-218.5964,0.7361,0.0,0.0,3037
30724,34,-245.2843,-227.5502,2.3513,2.6837,1.7963,912
30725,34,-265.7217,-210.4186,1.5571,5.6703,2.3977,3035
30726,34,-271.6585,-218.991,0.7369,3.8227,1.9332,389
30727,34,-236.6727,-231.2868,2.3497,2.2986,2.1672,909
30728,34,-233.0589,-239.9119,2.3506,1.0688,0.7019,908
30729,34,-238.9986,-233.9027,2.3498,1.705,1.4215,908
30730,34,-230.1267,-237.9067,2.3508,1.8683,0.312,909
30731,34,-238.7882,-224.1646,-3.9328,0.2162,-0.1208,914
30732,34,-279.3167,-225.9657,0.7394,3.1694,1.164,3031
30733,34,-267.257,-229.1852,0.74,0.5482,-0.5923,3034
30734,34,-270.0967,-227.0344,0.7388,1.1318,-1.3028,3033
30735,34,-271.7499,-223.8058,0.738,0.2542,-0.1748,3032
30736,34,-287.5695,-233.4992,0.7397,3.4074,0.4556,384
30737,34,-296.3258,-241.5222,0.7422,3.9753,0.9518,384
30739,34,-278.0593,-229.5595,0.7396,0.9643,-0.776,3032
30740,34,-278.2636,-234.4782,0.7393,2.9355,-1.7749,3033
30741,34,-232.5375,-230.4929,2.3503,1.2894,-0.7891,910
30742,34,-305.5504,-249.9833,0.7422,4.5321,0.0344,384
30743,34,-226.3771,-246.668,2.3506,1.8185,-0.3415,908
30744,34,-286.8973,-237.6287,0.7416,3.627,-1.8663,385
30745,34,-314.7407,-258.413,0.7422,4.7243,-0.3277,384
30746,34,-286.8986,-247.1277,0.7422,5.8461,-2.052,387
30747,34,-218.1973,-249.9637,2.3508,5.891,-2.2341,909
30748,34,-218.2578,-254.8775,2.3506,3.234,-0.6841,908
30749,34,-217.4147,-245.778,2.3508,8.002,-3.2465,910
30750,34,-323.592,-266.5319,0.7422,4.5837,0.0296,384
30717,35,-251.2728,-215.72,2.2151,5.8931,2.329,3468
30718,35,-261.3032,-223.7711,0.7385,0.0,0.0,3039
30719,35,-244.214,-218.6924,-3.929,0.0,0.0,914
30720,35,-252.227,-220.1861,2.2519,3.9236,1.2122,3467
30721,35,-243.5811,-224.2966,2.3511,3.3902,1.1626,913
30722,35,-263.6594,-221.1842,0.735,0.0,0.0,3038
30723,35,-266.0175,-218.5964,0.7361,0.0,0.0,3037
30724,35,-245.4802,-227.3524,2.3513,2.8024,0.7153,912
30725,35,-265.7637,-209.9019,1.6519,5.8458,1.7478,3035
30726,35,-271.3654,-218.725,0.7368,4.0106,2.1812,389
30727,35,-236.8414,-231.116,2.3497,2.4313,1.2212,909
30728,35,-233.1382,-239.8317,2.3506,1.1458,0.6918,908
30729,35,-239.1259,-233.7739,2.3499,1.8439,1.3017,908
30730,35,-230.2615,-237.7704,2.3508,1.9519,1.4106,909
30731,35,-238.802,-224.1506,-3.9328,0.1907,-0.2484,914
30732,35,-279.075,-225.7453,0.7394,3.3067,1.4242,3031
30733,35,-267.2189,-229.1504,0.74,0.5064,-0.4007,3034
30734,35,-270.018,-226.9627,0.7387,1.0384,-1.1144,3033
30735,35,-271.7326,-223.79,0.738,0.2294,-0.1893,3032
30736,35,-287.3174,-233.2691,0.7397,3.4381,0.9966,384
30737,35,-296.037,-241.2573,0.7422,3.9021,-0.6574,384
30739,35,-277.9912,-229.4973,0.7397,0.9097,-0.5025,3032
30740,35,-278.0521,-234.2853,0.7393,2.8324,-1.2381,3033
30741,35,-232.6241,-230.4053,2.3502,1.2262,-0.294,910
30742,35,-305.2196,-249.6798,0.7422,4.4799,-0.3754,384
30743,35,-226.5024,-246.5412,2.3506,1.7814,-0.0319,908
30744,35,-286.6409,-237.3938,0.7415,3.4424,-1.4981,385
30745,35,-314.3918,-258.093,0.7422,4.7365,0.0847,384
30746,35,-286.4747,-246.7389,0.7422,5.7167,-1.4139,387
30747,35,-218.6046,-249.552,2.3508,5.7481,-1.7122,909
30748,35,-218.4787,-254.6541,2.3506,3.1101,-1.2447,908
30749,35,-217.9652,-245.2216,2.3508,7.7632,-2.5416,910
30750,35,-323.2533,-266.2213,0.7422,4.5971,0.0774,384
30717,36,-251.6293,-215.234,2.2035,6.0822,1.928,3468
30718,36,-261.3032,-223.7711,0.7385,0.0,0.0,3039
30719,36,-244.214,-218.6924,-3.929,0.0,0.0,914
30720,36,-252.4771,-219.8732,2.2451,4.0445,1.4123,3467
30721,36,-243.8286,-224.0466,2.3511,3.5635,1.8073,913
30722,36,-263.6594,-221.1842,0.735,0.0,0.0,3038
30723,36,-266.0175,-218.5964,0.7361,0.0,0.0,3037
30724,36,-245.6839,-227.1468,2.3513,2.9292,1.363,912
30725,36,-265.858,-209.3761,1.748,6.0619,2.8376,3035
30726,36,-271.0561,-218.4444,0.7367,4.2287,2.1812,389
30727,36,-237.0162,-230.939,2.3497,2.5018,0.5345,909
30728,36,-233.225,-239.744,2.3506,1.2536,0.7845,908
30729,36,-239.2605,-233.6376,2.35,1.9418,1.0188,908
30730,36,-230.4018,-237.6286,2.3508,2.0268,1.2821,909
30731,36,-238.8146,-224.1378,-3.9328,0.1723,-0.2543,914
30732,36,-278.8252,-225.5175,0.7393,3.407,1.0757,3031
30733,36,-267.1848,-229.1185,0.7398,0.4534,-0.5364,3034
30734,36,-269.945,-226.8962,0.7387,0.9724,-0.6555,3033
30735,36,-271.7167,-223.7756,0.738,0.2106,-0.1583,3032
30736,36,-287.0619,-233.0359,0.7398,3.4793,0.7894,3031
30737,36,-295.7484,-240.9926,0.7422,3.884,-1.2768,384
30739,36,-277.9262,-229.438,0.7397,0.8679,-0.5183,3032
30740,36,-277.8529,-234.1037,0.7392,2.6699,-1.0244,3033
30741,36,-232.7045,-230.3239,2.3501,1.1228,-0.9285,910
30742,36,-304.8917,-249.379,0.7422,4.4587,0.3814,384
30743,36,-226.626,-246.4163,2.3506,1.7712,0.5551,908
30744,36,-286.3942,-237.1679,0.7414,3.3178,-1.1719,385
30745,36,-314.0463,-257.776,0.7422,4.6678,-0.8218,384
30746,36,-286.065,-246.3631,0.7422,5.5325,-1.047,387
30747,36,-219.0015,-249.1508,2.3508,5.5822,-2.433,909
30748,36,-218.6935,-254.437,2.3506,3.0339,-0.8186,908
30749,36,-218.4961,-244.685,2.3508,7.4898,-2.3616,910
30750,36,-322.916,-265.9119,0.7422,4.5844,0.3225,384
30717,37,-251.9944,-214.7259,2.194,6.3029,1.6576,3468
30718,37,-261.3032,-223.7711,0.7385,0.0,0.0,3039
30719,37,-244.214,-218.6924,-3.929,0.0,0.0,914
30720,37,-252.7341,-219.5478,2.2392,4.1759,1.0409,3467
30721,37,-244.0888,-223.7838,2.3511,3.7442,1.8073,913
30722,37,-263.6594,-221.1842,0.735,0.0,0.0,3038
30723,37,-266.0175,-218.5964,0.7361,0.0,0.0,3037
30724,37,-245.898,-226.9305,2.3513,3.0673,0.9161,912
30725,37,-266.0117,-208.8608,1.8607,6.3087,2.6858,3035
30726,37,-270.7306,-218.1492,0.7366,4.4469,2.1812,389
30727,37,-237.2014,-230.7514,2.3498,2.677,1.6241,913
30728,37,-233.3176,-239.6504,2.3506,1.3438,1.0943,908
30729,37,-239.4039,-233.4924,2.3501,2.0821,1.6265,908
30730,37,-230.5464,-237.4825,2.3508,2.0622,0.2563,909
30731,37,-238.826,-224.1263,-3.9327,0.1586,-0.164,914
30732,37,-278.565,-225.2802,0.7393,3.5491,1.0745,3031
30733,37,-267.1536,-229.09,0.7398,0.4124,-0.4062,3034
30734,37,-269.8789,-226.8361,0.7387,0.8746,-0.8157,3033
30735,37,-271.7024,-223.7626,0.738,0.1882,-0.1742,3032
30736,37,-286.8024,-232.799,0.7398,3.5203,0.304,3031
30737,37,-295.4613,-240.7293,0.7422,3.9047,0.4084,384
30739,37,-277.8654,-229.3826,0.7397,0.8041,-0.7191,3032
30740,37,-277.6629,-233.9305,0.7392,2.5355,-1.4586,3033
30741,37,-232.7803,-230.2472,2.3501,1.0637,-0.6521,910
30742,37,-304.5661,-249.0804,0.7422,4.4202,0.1011,384
30743,37,-226.7493,-246.2916,2.3506,1.7441,-0.3699,908
30744,37,-286.1586,-236.9522,0.7413,3.1543,-1.6518,385
30745,37,-313.7018,-257.4601,0.7422,4.6489,-0.9913,384
30746,37,-285.6695,-246.0003,0.7422,5.3065,-2.4271,387
30747,37,-219.3876,-248.7606,2.3508,5.4453,-1.735,909
30748,37,-218.904,-254.2241,2.3506,2.9913,-0.1116,908
30749,37,-219.0103,-244.1653,2.3508,7.2486,-2.5006,910
30750,37,-322.5797,-265.6034,0.7422,4.5752,0.4639,384
30717,38,-252.3664,-214.1997,2.1861,6.4903,1.7599,3468
30718,38,-261.3032,-223.7711,0.7385,0.0,0.0,3039
30719,38,-244.214,-218.6924,-3.929,0.0,0.0,914
30720,38,-252.9979,-219.2101,2.2339,4.3293,1.7088,3467
30721,38,-244.3617,-223.5081,2.3511,3.9249,1.8073,913
30722,38,-263.6594,-221.1842,0.735,0.0,0.0,3038
30723,38,-266.0175,-218.5964,0.7361,0.0,0.0,3037
30724,38,-246.1213,-226.7051,2.3513,3.2267,2.12,912
30725,38,-266.2341,-208.3177,1.9594,6.5256,1.9984,3035
30726,38,-270.3889,-217.8394,0.7365,4.665,2.1812,389
30727,38,-237.3962,-230.5541,2.3498,2.7985,1.0063,913
30728,38,-233.418,-239.5488,2.3506,1.4528,0.9932,908
30729,38,-239.5564,-233.3381,2.3502,2.1892,0.7762,908
30730,38,-230.6973,-237.3299,2.3508,2.1504,0.1829,909
30731,38,-238.8363,-224.1159,-3.9327,0.1437,-0.1087,914
30732,38,-278.297,-225.0358,0.7393,3.6552,1.1458,3031
30733,38,-267.1251,-229.064,0.7398,0.3763,-0.4255,3034
30734,38,-269.8182,-226.7808,0.7387,0.8054,-0.6822,3033
30735,38,-271.6895,-223.7509,0.7379,0.171,-0.139,3032
30736,38,-286.5411,-232.5605,0.7398,3.547,0.3691,3031
30737,38,-295.1718,-240.4637,0.7422,3.9238,-0.2021,384
30739,38,-277.8093,-229.3313,0.7397,0.7494,-0.4535,3032
30740,38,-277.4805,-233.7641,0.7392,2.4447,-0.9782,3033
30741,38,-232.8499,-230.1768,2.3501,0.9694,-0.8701,910
30742,38,-304.2424,-248.7835,0.7422,4.4024,0.423,384
30743,38,-226.8711,-246.1685,2.3506,1.7232,-0.3563,908
30744,38,-285.9374,-236.7496,0.7413,2.9571,-1.7857,385
30745,38,-313.3601,-257.1466,0.7422,4.6101,-1.0888,384
30746,38,-285.2873,-245.6498,0.7422,5.133,-2.1045,387
30747,38,-219.7646,-248.3796,2.3508,5.3365,-0.9613,909
30748,38,-219.1083,-254.0175,2.3506,2.8953,-0.4037,908
30749,38,-219.5047,-243.6656,2.3508,6.9639,-2.6153,910
30750,38,-322.2415,-265.2932,0.7422,4.5953,0.2855,384
30717,39,-252.7481,-213.6525,2.1797,6.7334,2.4113,3039
30718,39,-261.3032,-223.7711,0.7385,0.0,0.0,3039
30719,39,-244.214,-218.6924,-3.929,0.0,0.0,914
30720,39,-253.2677,-218.8614,2.2293,4.4389,1.1601,3467
30721,39,-244.6474,-223.2196,2.3512,4.1057,1.8073,913
30722,39,-263.6594,-221.1842,0.735,0.0,0.0,3038
30723,39,-266.0175,-218.5964,0.7361,0.0,0.0,3037
30724,39,-246.3563,-226.4678,2.3513,3.3722,1.2799,912
30725,39,-266.5192,-207.7527,2.038,6.7415,1.6161,3035
30726,39,-270.0311,-217.5149,0.7365,4.8831,2.1812,389
30727,39,-237.6018,-230.3459,2.3498,2.9651,1.5522,913
30728,39,-233.5248,-239.4408,2.3506,1.5437,0.9998,908
30729,39,-239.717,-233.1756,2.3503,2.3135,1.1572,912
30730,39,-230.8539,-237.1717,2.3508,2.2568,1.2157,909
30731,39,-238.8456,-224.1065,-3.9327,0.1272,-0.1857,914
30732,39,-278.0185,-224.7819,0.7393,3.7953,1.081,3031
30733,39,-267.0993,-229.0405,0.7398,0.3417,-0.2859,3034
30734,39,-269.7623,-226.7298,0.7387,0.7357,-0.8865,3033
30735,39,-271.6779,-223.7403,0.7379,0.1531,-0.1568,3032
30736,39,-286.2735,-232.3162,0.7398,3.6402,0.6744,3031
30737,39,-294.8846,-240.2003,0.7422,3.9069,0.4082,384
30739,39,-277.7567,-229.2833,0.7397,0.7017,-0.3901,3032
30740,39,-277.306,-233.605,0.7392,2.3231,-1.5653,3033
30741,39,-232.9151,-230.1108,2.35,0.9163,-0.5207,910
30742,39,-303.9193,-248.4872,0.7422,4.3736,-0.3946,384
30743,39,-226.9918,-246.0464,2.3506,1.71,-0.3026,908
30744,39,-285.7276,-236.5576,0.7412,2.7962,-1.9716,385
30745,39,-313.0208,-256.8354,0.7422,4.5889,-0.5575,384
30746,39,-284.9193,-245.3123,0.7422,4.9432,-1.9933,387
30747,39,-220.1323,-248.008,2.3508,5.1831,-1.7573,909
30748,39,-219.3087,-253.8149,2.3506,2.8369,-0.5088,908
30749,39,-219.9824,-243.1828,2.3508,6.7383,-2.1246,910
30750,39,-321.9061,-264.9856,0.7422,4.5519,0.0362,384
30717,40,-253.1393,-213.0853,2.1745,6.9287,1.5341,3469
30718,40,-261.3032,-223.7711,0.7385,0.0,0.0,3039
30719,40,-244.214,-218.6924,-3.929,0.0,0.0,914
30720,40,-253.5449,-218.5002,2.2253,4.5992,1.8115,3039
30721,40,-244.9457,-222.9183,2.3512,4.2864,1.8073,913
30722,40,-263.6594,-221.1842,0.735,0.0,0.0,3038
30723,40,-266.0175,-218.5964,0.7361,0.0,0.0,3037
30724,40,-246.6001,-226.2216,2.3513,3.499,1.3243,912
30725,40,-266.8568,-207.1763,2.1007,6.9725,2.5966,3035
30726,40,-269.657,-217.1757,0.7364,5.1012,2.1812,389
30727,40,-237.8187,-230.1262,2.3498,3.151,2.5473,913
30728,40,-233.638,-239.3264,2.3506,1.6448,1.3969,908
30729,40,-239.8885,-233.0021,2.3504,2.4928,2.0778,912
30730,40,-231.0195,-237.0043,2.3508,2.3755,0.8532,909
30731,40,-238.8539,-224.0981,-3.9327,0.1151,-0.129,914
30732,40,-277.7297,-224.5185,0.7393,3.9519,1.7276,3031
30733,40,-267.0758,-229.019,0.7398,0.3112,-0.2884,3034
30734,40,-269.7115,-226.6836,0.7387,0.671,-0.657,3033
30735,40,-271.6675,-223.7309,0.7379,0.1371,-0.1438,3032
30736,40,-286.0013,-232.0677,0.7399,3.7225,1.4717,3031
30737,40,-294.5957,-239.9354,0.7422,3.9445,1.0054,384
30739,40,-277.7071,-229.2381,0.7397,0.6622,-0.3761,3032
30740,40,-277.1392,-233.453,0.7392,2.2341,-0.9293,3033
30741,40,-232.9754,-230.0497,2.35,0.8394,-0.7895,910
30742,40,-303.5997,-248.1939,0.7422,4.3229,-0.5817,384
30743,40,-227.1121,-245.9248,2.3506,1.7131,0.1025,908
30744,40,-285.5281,-236.375,0.7411,2.68,-1.035,385
30745,40,-312.682,-256.5246,0.7422,4.574,-0.9501,384
30746,40,-284.5626,-244.985,0.7422,4.7736,-2.6917,387
30747,40,-220.4939,-247.6425,2.3508,5.1207,-0.8121,909
30748,40,-219.505,-253.6164,2.3506,2.7798,-0.4673,908
30749,40,-220.4415,-242.7188,2.3508,6.4833,-1.7425,910
30750,40,-321.5695,-264.6768,0.7422,4.5695,0.0625,384
30717,41,-253.5414,-212.4971,2.1704,7.1861,2.4502,3469
30718,41,-261.3032,-223.7711,0.7385,0.0,0.0,3039
30719,41,-244.214,-218.6924,-3.929,0.0,0.0,914
30720,41,-253.8303,-218.124,2.2197,4.7719,1.8699,3039
30721,41,-245.2568,-222.6041,2.3512,4.4671,1.8073,913
30722,41,-263.6594,-221.1842,0.735,0.0,0.0,3038
30723,41,-266.0175,-218.5964,0.7361,0.0,0.0,3037
30724,41,-246.8544,-225.9649,2.3513,3.6507,1.4474,912
30725,41,-267.2415,-206.5942,2.1547,7.1938,2.1156,3035
30726,41,-269.2667,-216.822,0.7363,5.3194,2.1812,389
30727,41,-238.0486,-229.8934,2.3499,3.3134,1.6465,913
30728,41,-233.7588,-239.2043,2.3506,1.7275,0.3944,908
30729,41,-240.0678,-232.8207,2.3504,2.5797,1.1633,912
30730,41,-231.1934,-236.8286,2.3508,2.4868,0.6058,909
30731,41,-238.8615,-224.0904,-3.9327,0.1045,-0.1161,914
30732,41,-277.431,-224.2462,0.7393,4.0836,1.6876,3031
30733,41,-267.0547,-228.9997,0.7398,0.2818,-0.1582,3034
30734,41,-269.6651,-226.6413,0.7387,0.6081,-0.8496,3033
30735,41,-271.658,-223.7222,0.7379,0.1251,-0.156,3032
30736,41,-285.7234,-231.8139,0.7399,3.7727,0.3837,3031
30737,41,-294.3051,-239.6688,0.7422,3.9417,-0.0579,384
30739,41,-277.6616,-229.1965,0.7397,0.6045,-0.4741,3032
30740,41,-276.9831,-233.3107,0.7392,2.0741,-1.5524,3033
30741,41,-233.0309,-229.9935,2.35,0.7814,-0.4204,910
30742,41,-303.2807,-247.9014,0.7422,4.336,0.3167,384
30743,41,-227.2345,-245.801,2.3506,1.7408,-0.0073,908
30744,41,-285.3411,-236.2039,0.7409,2.4911,-1.7708,385
30745,41,-312.3449,-256.2154,0.7422,4.573,-0.0315,384
30746,41,-284.2179,-244.6689,0.7422,4.6177,-2.3497,387
30747,41,-220.8482,-247.2844,2.3508,5.0309,-0.2684,909
30748,41,-219.6966,-253.4227,2.3506,2.7231,-0.0586,908
30749,41,-220.8842,-242.2714,2.3508,6.2311,-2.5349,910
30750,41,-321.234,-264.3691,0.7422,4.5446,-0.282,384
30717,42,-253.9535,-211.8899,2.1671,7.3834,1.8724,3469
30718,42,-261.3032,-223.7711,0.7385,0.0,0.0,3039
30719,42,-244.214,-218.6924,-3.929,0.0,0.0,914
30720,42,-254.1185,-217.7354,2.209,4.8703,0.9662,3039
30721,42,-245.5806,-222.2771,2.3512,4.6478,1.8073,913
30722,42,-263.6594,-221.1842,0.735,0.0,0.0,3038
30723,42,-266.0175,-218.5964,0.7361,0.0,0.0,3037
30724,42,-247.1188,-225.6979,2.3513,3.7875,1.1602,912
30725,42,-267.6671,-206.0108,2.201,7.3794,1.6339,1437
30726,42,-268.8603,-216.4536,0.7363,5.5375,2.1812,389
30727,42,-238.2893,-229.6497,2.3499,3.4567,1.2296,913
30728,42,-233.8863,-239.0753,2.3506,1.8464,1.3106,908
30729,42,-240.2583,-232.628,2.3505,2.7396,1.1513,912
30730,42,-231.3762,-236.6438,2.3508,2.6354,1.4299,909
30731,42,-238.8684,-224.0835,-3.9327,0.0949,-0.1191,914
30732,42,-277.1224,-223.9647,0.7392,4.2127,1.4585,3031
30733,42,-267.0358,-228.9824,0.7398,0.2497,-0.2831,3034
30734,42,-269.6226,-226.6026,0.7387,0.5558,-0.7804,3033
30735,42,-271.6494,-223.7144,0.7379,0.1146,-0.0712,3032
30736,42,-285.4407,-231.5559,0.7399,3.8556,1.1578,3031
30737,42,-294.0136,-239.4015,0.7422,3.987,1.2969,384
30739,42,-277.6187,-229.1574,0.7397,0.5716,-0.3816,3032
30740,42,-276.834,-233.1748,0.7392,1.9962,-0.8506,3033
30741,42,-233.0823,-229.9415,2.3499,0.7178,-0.5667,910
30742,42,-302.9619,-247.609,0.7422,4.3213,-0.1319,384
30743,42,-227.3579,-245.6762,2.3506,1.7717,0.6882,908
30744,42,-285.1616,-236.0398,0.7408,2.3939,-1.534,385
30745,42,-312.0096,-255.9078,0.7422,4.5591,0.3624,384
30746,42,-283.8868,-244.3652,0.7422,4.425,-2.704,387
30747,42,-221.1949,-246.934,2.3508,4.9164,-0.4734,909
30748,42,-219.8834,-253.2338,2.3506,2.6447,-0.4858,908
30749,42,-221.3093,-241.8418,2.3508,5.9799,-2.555,910
30750,42,-320.9002,-264.0629,0.7422,4.4994,-1.1949,384
30717,43,-254.3759,-211.2641,2.1644,7.5921,1.7151,3469
30718,43,-261.3032,-223.7711,0.7385,0.0,0.0,3039
30719,43,-244.214,-218.6924,-3.929,0.0,0.0,914
30720,43,-254.4112,-217.3332,2.1998,5.0273,1.8676,3039
30721,43,-245.9165,-221.9367,2.3495,4.8286,1.8073,913
30722,43,-263.6594,-221.1842,0.735,0.0,0.0,3038
30723,43,-266.0175,-218.5964,0.7361,0.0,0.0,3037
30724,43,-247.3916,-225.4224,2.3513,3.9113,1.3146,912
30725,43,-268.1306,-205.4241,2.2394,7.6258,2.798,1437
30726,43,-268.4377,-216.0705,0.7363,5.7556,2.1812,3036
30727,43,-238.5401,-229.3957,2.3499,3.6319,2.4417,913
30728,43,-234.0232,-238.9369,2.3506,1.9861,1.5641,908
30729,43,-240.4584,-232.4257,2.3506,2.8827,1.4723,912
30730,43,-231.5653,-236.4527,2.3508,2.7144,1.0646,909
30731,43,-238.8746,-224.0772,-3.9327,0.0862,-0.0667,914
30732,43,-276.8045,-223.6749,0.7392,4.3426,1.6535,3031
30733,43,-267.0184,-228.9666,0.7398,0.2291,-0.2179,3034
30734,43,-269.584,-226.5674,0.7387,0.5056,-0.6695,3033
30735,43,-271.6416,-223.7073,0.7379,0.1018,-0.1243,3032
30736,43,-285.1527,-231.2929,0.7399,3.9227,0.8851,3031
30737,43,-293.7201,-239.1322,0.7422,3.9979,0.6018,384
30739,43,-277.5792,-229.1213,0.7397,0.5256,-0.3696,3032
30740,43,-276.6916,-233.045,0.7392,1.9003,-1.0821,3033
30741,43,-233.1298,-229.8934,2.3499,0.6628,-0.569,910
30742,43,-302.6432,-247.3166,0.7422,4.3267,0.0633,384
30743,43,-227.4831,-245.5496,2.3506,1.7932,0.5005,908
30744,43,-284.9937,-235.8862,0.7406,2.2273,-1.9497,385
30745,43,-311.6752,-255.6011,0.7422,4.5406,0.1363,384
30746,43,-283.5691,-244.0738,0.7422,4.2894,-0.8508,387
30747,43,-221.5365,-246.5888,2.3508,4.8457,-0.4277,909
30748,43,-220.0669,-253.0483,2.3506,2.5985,-0.4568,908
30749,43,-221.717,-241.4297,2.3508,5.7243,-2.8966,910
30750,43,-320.5661,-263.7564,0.7422,4.5164,-0.6806,384
30717,44,-254.8067,-210.6229,2.1624,7.7768,2.1235,3469
30718,44,-261.3032,-223.7711,0.7385,0.0,0.0,3039
30719,44,-244.214,-218.6924,-3.929,0.0,0.0,914
30720,44,-254.7105,-216.915,2.192,5.1859,1.6126,3039
30721,44,-246.2655,-221.5839,2.3506,5.0093,1.8073,913
30722,44,-263.6594,-221.1842,0.735,0.0,0.0,3038
30723,44,-266.0175,-218.5964,0.7361,0.0,0.0,3037
30724,44,-247.6749,-225.1364,2.3513,4.0619,1.4314,912
30725,44,-268.6303,-204.8323,2.272,7.8582,2.3119,1437
30726,44,-267.9925,-215.6433,0.7647,5.5528,-1.0836,3036
30727,44,-238.8006,-229.132,2.3499,3.7514,1.7902,913
30728,44,-234.1696,-238.7889,2.3506,2.1194,1.5122,908
30729,44,-240.667,-232.2148,2.3507,3.0063,1.5445,912
30730,44,-231.7638,-236.2521,2.3508,2.8558,1.3616,909
30731,44,-238.8802,-224.0716,-3.9327,0.078,-0.0692,914
30732,44,-276.4764,-223.3758,0.7392,4.4724,1.29,3031
30733,44,-267.0029,-228.9524,0.7399,0.2057,-0.1927,3034
30734,44,-269.5486,-226.5354,0.7387,0.4701,-0.3325,3033
30735,44,-271.6346,-223.7009,0.7379,0.0919,-0.1224,3032
30736,44,-284.8565,-231.0225,0.7399,4.0254,0.6042,3031
30737,44,-293.424,-238.8606,0.7422,4.0184,0.0149,384
30739,44,-277.5423,-229.0872,0.7396,0.4919,-0.417,3032
30740,44,-276.5584,-232.9235,0.7391,1.7846,-0.7188,3033
30741,44,-233.1742,-229.8484,2.3499,0.6195,-0.5397,910
30742,44,-302.3258,-247.0255,0.7422,4.3228,0.6476,384
30743,44,-227.6118,-245.4195,2.3506,1.8563,1.0629,908
30744,44,-284.8343,-235.7405,0.7405,2.145,-0.5821,3032
30745,44,-311.3412,-255.2948,0.7422,4.5288,-0.0908,384
30746,44,-283.2623,-243.7924,0.7422,4.1324,-1.2471,387
30747,44,-221.8745,-246.2472,2.3508,4.7808,-0.9772,909
30748,44,-220.2462,-252.867,2.3506,2.5412,-0.3187,908
30749,44,-222.1065,-241.0361,2.3508,5.4847,-2.1178,910
30750,44,-320.2323,-263.4502,0.7422,4.5472,0.712,384
30717,45,-255.248,-209.964,2.1608,7.9758,1.8664,3469
30718,45,-261.3032,-223.7711,0.7385,0.0,0.0,3039
30719,45,-244.214,-218.6924,-3.929,0.0,0.0,914
30720,45,-255.0166,-216.4813,2.1853,5.3557,1.7645,3039
30721,45,-246.6276,-221.2185,2.3516,5.19,1.8073,913
30722,45,-263.6594,-221.1842,0.735,0.0,0.0,3038
30723,45,-266.0175,-218.5964,0.7361,0.0,0.0,3037
30724,45,-247.9686,-224.8398,2.3513,4.2135,1.5218,912
30725,45,-269.1619,-204.2343,2.2974,8.0884,2.1677,1437
30726,45,-267.5723,-215.203,0.8087,5.5922,0.2047,3036
30727,45,-239.0738,-228.8554,2.3499,3.9162,1.1229,913
30728,45,-234.324,-238.6328,2.3506,2.2173,0.8601,908
30729,45,-240.8865,-231.993,2.3507,3.1661,1.8025,912
30730,45,-231.9717,-236.042,2.3508,2.9889,1.3158,909
30731,45,-238.8852,-224.0664,-3.9327,0.071,-0.0478,914
30732,45,-276.138,-223.0672,0.7392,4.6177,1.5489,3031
30733,45,-266.9888,-228.9396,0.7399,0.1863,-0.1839,3034
30734,45,-269.5168,-226.5065,0.7387,0.4188,-0.4626,3033
30735,45,-271.6282,-223.6951,0.7379,0.0834,-0.0887,3032
30736,45,-284.5536,-230.7459,0.7399,4.1172,0.6462,3031
30737,45,-293.1255,-238.5869,0.7422,4.0392,-0.4138,384
30739,45,-277.508,-229.0559,0.7396,0.4563,-0.3428,3032
30740,45,-276.4315,-232.8078,0.7391,1.6934,-1.0029,3033
30741,45,-233.2149,-229.8072,2.3499,0.561,-0.7475,910
30742,45,-302.0089,-246.7349,0.7422,4.299,0.015,384
30743,45,-227.744,-245.2858,2.3506,1.8771,-0.1493,908
30744,45,-284.6857,-235.6047,0.7404,1.9901,-0.9518,3032
30745,45,-311.011,-254.9918,0.7422,4.4746,-0.2482,384
30746,45,-282.9672,-243.5218,0.7421,3.9722,-1.2902,387
30747,45,-222.207,-245.911,2.3508,4.7222,-0.2362,909
30748,45,-220.4249,-252.6863,2.3506,2.5263,-0.6506,908
30749,45,-222.4803,-240.6582,2.3508,5.2568,-2.3203,910
30750,45,-319.8997,-263.1451,0.7422,4.5012,-0.4792,384
30717,46,-255.699,-209.2886,2.1596,8.1807,2.4654,3469
30718,46,-261.3032,-223.7711,0.7385,0.0,0.0,3039
30719,46,-244.214,-218.6924,-3.929,0.0,0.0,914
30720,46,-255.3291,-216.0332,2.1797,5.4932,1.1707,3039
30721,46,-246.9954,-220.8419,2.3444,5.3307,0.9865,913
30722,46,-263.6594,-221.1842,0.735,0.0,0.0,3038
30723,46,-266.0175,-218.5964,0.7361,0.0,0.0,3037
30724,46,-248.2725,-224.5318,2.3494,4.365,1.4766,912
30725,46,-269.7194,-203.6312,2.317,8.2848,2.1248,1437
30726,46,-267.2368,-214.7991,0.8777,5.5755,-0.3822,3036
30727,46,-239.3602,-228.5654,2.35,4.1001,0.942,913
30728,46,-234.4874,-238.4676,2.3506,2.3628,1.568,908
30729,46,-241.1143,-231.7627,2.3508,3.2797,1.5802,912
30730,46,-232.1867,-235.8246,2.3508,3.0887,1.2704,909
30731,46,-238.8899,-224.0618,-3.9327,0.0638,-0.0725,914
30732,46,-275.7912,-222.7511,0.7392,4.7248,1.1709,3031
30733,46,-266.9762,-228.928,0.7399,0.1668,-0.1722,3034
30734,46,-269.4879,-226.4802,0.7387,0.3838,-0.2949,3033
30735,46,-271.6225,-223.6899,0.7379,0.0765,-0.0414,3032
30736,46,-284.2445,-230.4636,0.7399,4.2022,0.6482,3031
30737,46,-292.8237,-238.31,0.7422,4.1028,0.2981,384
30739,46,-277.476,-229.0267,0.7396,0.4267,-0.2319,3032
30740,46,-276.3139,-232.7006,0.7391,1.5747,-0.6703,3033
30741,46,-233.2523,-229.7693,2.3499,0.5213,-0.4895,910
30742,46,-301.6909,-246.4432,0.7422,4.3247,0.3877,384
30743,46,-227.8804,-245.1479,2.3506,1.9651,1.0409,908
30744,46,-284.5456,-235.4767,0.7403,1.869,-1.1455,3032
30745,46,-310.6795,-254.6877,0.7422,4.5095,0.44,384
30746,46,-282.6829,-243.2611,0.7419,3.8184,-1.629,387
30747,46,-222.5377,-245.5768,2.3508,4.7043,0.0936,909
30748,46,-220.6021,-252.5071,2.3506,2.5034,-0.6466,908
30749,46,-222.8387,-240.2959,2.3508,5.0398,-2.2775,910
30750,46,-319.5681,-262.841,0.7422,4.5073,0.3246,384
30717,47,-256.1611,-208.5952,2.1586,8.3792,1.9055,3469
30718,47,-261.3032,-223.7711,0.7385,0.0,0.0,3039
30719,47,-244.214,-218.6924,-3.929,0.0,0.0,914
30720,47,-255.6466,-215.5733,2.175,5.6189,1.2043,3038
30721,47,-247.3686,-220.4493,2.3308,5.4707,1.6465,913
30722,47,-263.6594,-221.1842,0.735,0.0,0.0,3038
30723,47,-266.0175,-218.5964,0.7361,0.0,0.0,3037
30724,47,-248.5859,-224.2143,2.3496,4.4971,1.3576,912
30725,47,-270.2993,-203.0227,2.332,8.4721,2.2547,1437
30726,47,-266.9208,-214.3684,0.9377,5.6106,0.6022,3036
30727,47,-239.6544,-228.2675,2.35,4.2379,2.0111,913
30728,47,-234.6612,-238.2918,2.3506,2.5115,1.5963,908
30729,47,-241.3536,-231.5208,2.3509,3.4288,1.0088,912
30730,47,-232.4115,-235.5974,2.3508,3.218,0.8504,909
30731,47,-238.894,-224.0575,-3.9327,0.0576,-0.0578,914
30732,47,-275.436,-222.4273,0.739,4.8348,0.8583,3031
30733,47,-266.9646,-228.9175,0.7399,0.1529,-0.1378,3034
30734,47,-269.4617,-226.4563,0.7387,0.3472,-0.3297,3033
30735,47,-271.6173,-223.6852,0.7379,0.0691,-0.0637,3032
30736,47,-283.9296,-230.1761,0.74,4.2957,1.273,3031
30737,47,-292.5197,-238.0312,0.7422,4.1187,-0.2356,384
30739,47,-277.4466,-228.9999,0.7396,0.3875,-0.4474,3032
30740,47,-276.2023,-232.5989,0.7391,1.5009,-0.3616,3033
30741,47,-233.2864,-229.7339,-3.933,0.4872,-0.2211,910
30742,47,-301.3712,-246.15,0.7422,4.3415,0.1685,384
30743,47,-228.0211,-245.0057,2.3506,2.0174,0.6637,908
30744,47,-284.4124,-235.355,0.7402,1.7615,-1.7057,3032
30745,47,-310.3471,-254.3829,0.7422,4.504,-0.2031,384
30746,47,-282.412,-243.0128,0.7418,3.6156,-2.4654,387
30747,47,-222.8665,-245.2445,2.3508,4.6702,-0.1304,909
30748,47,-220.7765,-252.3308,2.3506,2.477,-0.1413,908
30749,47,-223.1807,-239.9503,2.3508,4.8215,-1.6286,910
30750,47,-319.2369,-262.5372,0.7422,4.4931,0.0015,384
30717,48,-256.644,-207.8913,2.172,8.599,2.0027,3469
30718,48,-261.3032,-223.7711,0.7385,0.0,0.0,3039
30719,48,-244.214,-218.6924,-3.929,0.0,0.0,914
30720,48,-255.9706,-215.1,2.171,5.7801,1.7395,3038
30721,48,-247.7461,-220.0417,2.3178,5.5886,0.9114,3468
30722,48,-263.6594,-221.1842,0.735,0.0,0.0,3038
30723,48,-266.0175,-218.5964,0.7361,0.0,0.0,3037
30724,48,-248.9087,-223.8873,2.3498,4.631,1.411,912
30725,48,-270.902,-202.4046,2.3435,8.6797,1.6002,1437
30726,48,-266.6239,-213.9156,0.9904,5.612,0.1377,3036
30727,48,-239.9605,-227.9577,2.35,4.3687,0.5083,913
30728,48,-234.8424,-238.1086,2.3506,2.6209,1.7552,908
30729,48,-241.6005,-231.2714,2.3509,3.5329,0.917,912
30730,48,-232.6449,-235.3615,2.3508,3.3503,1.3114,909
30731,48,-238.8978,-224.0538,-3.9327,0.0519,-0.0561,914
30732,48,-275.0751,-222.0985,0.7389,4.9025,0.5391,3031
30733,48,-266.9542,-228.908,0.7399,0.1357,-0.2041,3034
30734,48,-269.4375,-226.4342,0.7387,0.3216,-0.2368,3033
30735,48,-271.6126,-223.6809,0.7379,0.0617,-0.0609,3032
30736,48,-283.6082,-229.8827,0.74,4.3702,0.7432,3031
30737,48,-292.2112,-237.7482,0.7422,4.2043,0.7406,384
30739,48,-277.4191,-228.9748,0.7396,0.3656,-0.2238,3032
30740,48,-276.0968,-232.5027,0.7391,1.4032,-0.9863,3033
30741,48,-233.3184,-229.7015,-3.933,0.4476,-0.3297,910
30742,48,-301.0522,-245.8573,0.7422,4.3283,-0.045,384
30743,48,-228.1675,-244.8577,2.3506,2.1155,1.3554,908
30744,48,-284.288,-235.2413,0.7402,1.6669,-0.7584,3032
30745,48,-310.0154,-254.0786,0.7422,4.5029,0.0554,384
30746,48,-282.1539,-242.7764,0.7416,3.4508,-2.0599,387
30747,48,-223.1924,-244.9151,2.3508,4.63,-0.1451,909
30748,48,-220.9505,-252.1548,2.3506,2.4722,-0.0765,908
30749,48,-223.5063,-239.6213,2.3508,4.5854,-1.7346,910
30750,48,-318.9044,-262.2322,0.7422,4.5055,-0.2466,384
30717,49,-257.1518,-207.1765,2.1884,8.8319,2.1055,3469
30718,49,-261.3032,-223.7711,0.7385,0.0,0.0,3039
30719,49,-244.214,-218.6924,-3.929,0.0,0.0,914
30720,49,-256.3006,-214.6146,2.1678,5.8961,1.0715,3038
30721,49,-248.1285,-219.6227,2.3105,5.7055,1.2684,3468
30722,49,-263.6594,-221.1842,0.735,0.0,0.0,3038
30723,49,-266.0175,-218.5964,0.7361,0.0,0.0,3037
30724,49,-249.242,-223.55,2.35,4.7768,1.3245,912
30725,49,-271.5246,-201.777,2.3522,8.8874,1.8003,1437
30726,49,-266.3577,-213.4255,1.0731,5.6321,0.9715,3036
30727,49,-240.2761,-227.6381,2.35,4.5096,0.6992,913
30728,49,-235.0319,-237.917,2.3506,2.7295,1.3726,908
30729,49,-241.8561,-231.0131,2.3509,3.6627,1.0936,912
30730,49,-232.8876,-235.1163,2.3508,3.4805,1.226,909
30731,49,-238.9012,-224.0503,-3.9327,0.0471,-0.0355,914
30732,49,-274.7115,-221.7672,0.7389,4.9281,0.0743,3031
30733,49,-266.9449,-228.8995,0.7399,0.1229,-0.1625,3034
30734,49,-269.4156,-226.4143,0.7387,0.2895,-0.2626,3033
30735,49,-271.6084,-223.6771,0.7379,0.0552,-0.0773,3032
30736,49,-283.2832,-229.5859,0.74,4.4146,0.5646,3031
30737,49,-291.8993,-237.4622,0.7422,4.2093,-0.8909,384
30739,49,-277.394,-228.9519,0.7396,0.3326,-0.3252,3032
30740,49,-275.998,-232.4127,0.7391,1.3194,-0.7233,3033
30741,49,-233.3478,-229.6717,-3.933,0.4093,-0.3962,910
30742,49,-300.7331,-245.5647,0.7422,4.3432,0.562,384
30743,49,-228.3206,-244.7028,2.3506,2.1978,0.7776,908
30744,49,-284.1715,-235.1349,0.7401,1.5402,-1.5306,3032
30745,49,-309.6857,-253.7762,0.7422,4.4636,-0.3641,384
30746,49,-281.9067,-242.55,0.7415,3.3391,-0.5937,387
30747,49,-223.5171,-244.587,2.3508,4.5958,-0.8046,909
30748,49,-221.1248,-251.9786,2.3506,2.4784,-0.0135,908
30749,49,-223.8181,-239.3061,2.3508,4.3791,-2.1601,910
30750,49,-318.5721,-261.9274,0.7422,4.5026,-0.2434,384
30717,50,-257.682,-206.4493,2.2008,9.0723,2.6864,3469
30718,50,-261.3032,-223.7711,0.7385,0.0,0.0,3039
30719,50,-244.214,-218.6924,-3.929,0.0,0.0,914
30720,50,-256.6361,-214.1182,2.1651,6.0275,1.4464,3038
30721,50,-248.5103,-219.1904,2.2942,5.8138,1.0353,3468
30722,50,-263.6594,-221.1842,0.735,0.0,0.0,3038
30723,50,-266.0175,-218.5964,0.7361,0.0,0.0,3037
30724,50,-249.5768,-223.2046,2.3407,4.8778,1.011,912
30725,50,-272.1658,-201.1392,2.3588,9.1022,2.2483,1437
30726,50,-266.1403,-212.9489,1.1428,5.5709,-0.2126,3036
30727,50,-240.6002,-227.31,2.3501,4.6613,1.9388,913
30728,50,-235.2298,-237.7169,2.3506,2.8366,0.882,908
30729,50,-242.1203,-230.7461,2.351,3.7856,1.1374,912
30730,50,-233.1396,-234.8615,2.3508,3.6078,0.9517,909
30731,50,-238.9042,-224.0472,-3.9327,0.0423,-0.0482,914
30732,50,-274.346,-221.4342,0.7388,4.9609,0.3818,3031
30733,50,-266.9364,-228.8917,0.7399,0.1122,-0.0888,3034
30734,50,-269.396,-226.3965,0.7387,0.2598,-0.2308,3033
30735,50,-271.6046,-223.6736,0.7378,0.0498,-0.0595,3032
30736,50,-282.9544,-229.2857,0.74,4.4605,0.3186,3031
30737,50,-291.584,-237.173,0.7422,4.2909,0.5331,384
30739,50,-277.3708,-228.9307,0.7396,0.3053,-0.3395,3032
30740,50,-275.9062,-232.329,0.7391,1.2288,-0.5402,3033
30741,50,-233.3746,-229.6446,-3.933,0.3779,-0.1537,910
30742,50,-300.4119,-245.2701,0.7422,4.3664,0.3378,384
30743,50,-228.4776,-244.5442,2.3506,2.2715,1.6025,908
30744,50,-284.0619,-235.0349,0.74,1.4501,-1.34,3032
30745,50,-309.3561,-253.4739,0.7422,4.4597,-0.5115,384
30746,50,-281.67,-242.3332,0.7414,3.153,-2.3371,387
30747,50,-223.8398,-244.2608,2.3508,4.5916,0.1387,909
30748,50,-221.2983,-251.8032,2.3506,2.4564,-0.4453,908
30749,50,-224.1138,-239.0072,2.3508,4.1717,-1.3215,910
30750,50,-318.241,-261.6237,0.7422,4.4955,0.1103,384
30717,51,-258.2333,-205.7078,2.21,9.3028,2.4207,3469
30718,51,-261.3032,-223.7711,0.7385,0.0,0.0,3039
30719,51,-244.214,-218.6924,-3.929,0.0,0.0,914
30720,51,-256.9767,-213.6117,2.1629,6.1302,1.0783,3038
30721,51,-248.8949,-218.7394,2.2768,5.9894,1.7318,3468
30722,51,-263.6594,-221.1842,0.735,0.0,0.0,3038
30723,51,-266.0175,-218.5964,0.7361,0.0,0.0,3037
30724,51,-249.9179,-222.8438,2.328,5.001,0.9328,912
30725,51,-272.8239,-200.492,2.3644,9.2964,2.4506,1437
30726,51,-265.9641,-212.4546,1.2283,5.5721,0.0119,3036
30727,51,-240.9334,-226.9729,2.3503,4.7497,0.4026,913
30728,51,-235.4361,-237.5083,2.3506,2.9731,1.5627,908
30729,51,-242.3944,-230.4693,2.351,3.9268,1.2236,912
30730,51,-233.4016,-234.5968,2.3508,3.7643,1.6242,909
30731,51,-238.907,-224.0445,-3.9327,0.0378,-0.0431,914
30732,51,-273.9779,-221.099,0.7387,4.9931,0.2915,3031
30733,51,-266.9287,-228.8847,0.7399,0.102,-0.1127,3034
30734,51,-269.3779,-226.38,0.7387,0.2395,-0.2173,3033
30735,51,-271.6011,-223.6705,0.7378,0.0455,-0.0548,3032
30736,51,-282.6222,-228.9823,0.74,4.5074,0.3756,3031
30737,51,-291.2677,-236.8828,0.7422,4.2751,-0.6971,384
30739,51,-277.3494,-228.9112,0.7396,0.2838,-0.2242,3032
30740,51,-275.8197,-232.2502,0.7391,1.141,-1.1811,3033
30741,51,-233.3994,-229.6196,-3.933,0.342,-0.4189,910
30742,51,-300.0896,-244.9745,0.7422,4.395,0.8979,384
30743,51,-228.6401,-244.3798,2.3506,2.3458,1.3526,908
30744,51,-283.9593,-234.9412,0.74,1.3653,-0.9664,3032
30745,51,-309.0275,-253.1725,0.7422,4.4554,-0.0997,384
30746,51,-281.4448,-242.127,0.7413,3.0044,-2.051,387
30747,51,-224.1644,-243.9327,2.3508,4.611,-0.1868,909
30748,51,-221.4733,-251.6262,2.3506,2.5033,0.5762,908
30749,51,-224.3953,-238.7227,2.3508,3.9677,-1.3979,910
30750,51,-317.9118,-261.3218,0.7422,4.4686,0.093,384
30717,52,-258.8033,-204.9533,2.2177,9.5035,1.8327,3469
30718,52,-261.3032,-223.7711,0.7385,0.0,0.0,3039
30719,52,-244.214,-218.6924,-3.929,0.0,0.0,914
30720,52,-257.3243,-213.093,2.1611,6.2773,1.3735,3038
30721,52,-249.2817,-218.2722,2.2622,6.1068,1.1604,3468
30722,52,-263.6594,-221.1842,0.735,0.0,0.0,3038
30723,52,-266.0175,-218.5964,0.7361,0.0,0.0,3037
30724,52,-250.2643,-222.4681,2.3157,5.1577,1.5047,3467
30725,52,-273.4982,-199.8342,2.3686,9.474,1.9951,1437
30726,52,-265.8291,-211.9565,1.3062,5.5683,-0.7028,3036
30727,52,-241.2766,-226.6258,2.3504,4.9088,1.0366,913
30728,52,-235.6521,-237.2899,2.3506,3.1161,1.7657,908
30729,52,-242.6791,-230.1816,2.3511,4.082,1.3066,912
30730,52,-233.6709,-234.3246,2.3508,3.8599,1.2441,909
30731,52,-238.9094,-224.042,-3.9327,0.0341,-0.0477,914
30732,52,-273.6082,-220.7624,0.7386,5.0063,0.0659,3031
30733,52,-266.9218,-228.8784,0.7399,0.0903,-0.113,3034
30734,52,-269.3617,-226.3652,0.7387,0.2149,-0.2013,3033
30735,52,-271.598,-223.6676,0.7378,0.0413,-0.028,3032
30736,52,-282.2871,-228.6763,0.74,4.5632,0.9775,3031
30737,52,-290.9491,-236.5906,0.7422,4.3039,-0.7592,384
30739,52,-277.3295,-228.893,0.7396,0.2642,-0.2308,3032
30740,52,-275.7387,-232.1763,0.7391,1.0813,-0.6269,3033
30741,52,-233.422,-229.5967,-3.9331,0.3141,-0.314,910
30742,52,-299.7663,-244.6779,0.7422,4.3996,0.4853,384
30743,52,-228.8093,-244.2087,2.3506,2.4177,0.4454,908
30744,52,-283.8631,-234.8534,0.7399,1.2869,-0.6325,3032
30745,52,-308.6969,-252.8693,0.7422,4.4787,-0.2757,384
30746,52,-281.2293,-241.9297,0.7413,2.9143,-0.367,387
30747,52,-224.4899,-243.6038,2.3508,4.6052,-0.861,909
30748,52,-221.65,-251.4475,2.3506,2.5331,0.8014,908
30749,52,-224.6623,-238.4529,2.3508,3.7379,-2.289,910
30750,52,-317.5809,-261.0182,0.7422,4.5031,0.5207,384
30717,53,-259.406,-204.2043,2.2484,9.6895,1.4141,3469
30718,53,-261.3032,-223.7711,0.7385,0.0,0.0,3039
30719,53,-244.214,-218.6924,-3.929,0.0,0.0,914
30720,53,-257.6776,-212.564,2.1596,6.3924,1.2609,3467
30721,53,-249.6733,-217.7874,2.2502,6.2842,1.7812,3468
30722,53,-263.6594,-221.1842,0.735,0.0,0.0,3038
30723,53,-266.0175,-218.5964,0.7361,0.0,0.0,3037
30724,53,-250.616,-222.0813,2.3087,5.266,1.4465,3467
30725,53,-274.1905,-199.1632,2.3717,9.7124,2.6957,1437
30726,53,-265.739,-211.4564,1.3924,5.6042,0.8551,3036
30727,53,-241.6299,-226.2685,2.3506,5.0502,1.0144,913
30728,53,-235.8766,-237.0628,2.3506,3.2305,1.4999,908
30729,53,-242.973,-229.8848,2.3511,4.191,0.5439,912
30730,53,-233.9511,-234.0413,2.3508,4.0216,1.4937,909
30731,53,-238.9117,-224.0397,-3.9327,0.031,-0.026,914
30732,53,-273.2334,-220.4214,0.7381,5.0912,1.0719,3031
30733,53,-266.9155,-228.8727,0.7399,0.0818,-0.1123,3034
30734,53,-269.3469,-226.3517,0.7387,0.1962,-0.1767,3033
30735,53,-271.5951,-223.665,0.7378,0.0375,-0.0311,3032
30736,53,-281.9488,-228.3674,0.74,4.5874,0.2766,3031
30737,53,-290.6283,-236.2964,0.7422,4.3649,0.5242,384
30739,53,-277.3113,-228.8764,0.7397,0.2399,-0.2568,3032
30740,53,-275.6637,-232.1079,0.7391,1.0037,-0.455,3033
30741,53,-233.4427,-229.5757,-3.9331,0.292,-0.1347,910
30742,53,-299.444,-244.3823,0.7422,4.3776,0.2094,384
30743,53,-228.9842,-244.0319,2.3506,2.4907,0.1583,908
30744,53,-283.7738,-234.7718,0.7399,1.2,-0.4096,3032
30745,53,-308.368,-252.5676,0.7422,4.4477,-0.6128,384
30746,53,-281.0255,-241.7431,0.7412,2.7484,-0.6512,387
30747,53,-224.8166,-243.2736,2.3508,4.6625,0.7026,909
30748,53,-221.8278,-251.2678,2.3506,2.5529,0.9694,908
30749,53,-224.9156,-238.1969,2.3508,3.5636,-1.5343,910
30750,53,-317.2491,-260.7138,0.7422,4.5089,0.2582,384
30717,54,-260.0389,-203.4567,2.2733,9.8901,2.2427,3469
30718,54,-261.3032,-223.7711,0.7385,0.0,0.0,3039
30719,54,-244.214,-218.6924,-3.929,0.0,0.0,914
30720,54,-258.0388,-212.0218,2.1584,6.5489,1.394,3467
30721,54,-250.0694,-217.2872,2.2405,6.4144,1.1815,3468
30722,54,-263.6594,-221.1842,0.735,0.0,0.0,3038
30723,54,-266.0175,-218.5964,0.7361,0.0,0.0,3037
30724,54,-250.9738,-221.6826,2.302,5.3834,0.8169,3467
30725,54,-274.9017,-198.476,2.3733,9.9437,2.2124,1437
30726,54,-265.6925,-210.9523,1.4788,5.5856,-0.1192,3035
30727,54,-241.9948,-225.8997,2.3507,5.2192,1.1976,913
30728,54,-236.1109,-236.826,2.3506,3.3719,1.6352,908
30729,54,-243.2766,-229.578,2.3511,4.3499,1.2936,912
30730,54,-234.2402,-233.7492,2.3508,4.159,1.9704,909
30731,54,-238.9137,-224.0377,-3.9327,0.0279,-0.026,914
30732,54,-272.8483,-220.0714,0.7377,5.2323,1.2121,389
30733,54,-266.9099,-228.8675,0.7399,0.0744,-0.0988,3034
30734,54,-269.3336,-226.3396,0.7387,0.1765,-0.1349,3033
30735,54,-271.5926,-223.6627,0.7378,0.0336,-0.0295,3032
30736,54,-281.607,-228.0553,0.7399,4.6583,1.2061,3031
30737,54,-290.305,-235.9998,0.7422,4.4165,1.1556,384
30739,54,-277.2946,-228.8612,0.7397,0.2214,-0.1529,3032
30740,54,-275.593,-232.0435,0.7391,0.9392,-0.6623,3033
30741,54,-233.4618,-229.5563,-3.9331,0.2676,-0.2008,910
30742,54,-299.1214,-244.0864,0.7422,4.3654,-0.4874,384
30743,54,-229.1672,-243.8469,2.3506,2.6173,0.6176,908
30744,54,-283.6908,-234.696,0.7399,1.107,-0.6896,3032
30745,54,-308.0368,-252.2638,0.7422,4.4934,-0.0334,384
30746,54,-280.8298,-241.564,0.7412,2.6026,-2.0649,387
30747,54,-225.1445,-242.9421,2.3508,4.6465,-0.6231,909
30748,54,-222.0075,-251.0861,2.3506,2.5531,-0.0838,908
30749,54,-225.1547,-237.9552,2.3508,3.3407,-2.3629,910
30750,54,-316.9193,-260.4113,0.7422,4.4749,-0.0011,384
30717,55,-260.706,-202.709,2.2992,10.1063,2.262,3469
30718,55,-261.3032,-223.7711,0.7385,0.0,0.0,3039
30719,55,-244.214,-218.6924,-3.929,0.0,0.0,914
30720,55,-258.4067,-211.4685,2.1575,6.6733,1.2054,3467
30721,55,-250.4707,-216.772,2.2325,6.5637,1.2235,3468
30722,55,-263.6594,-221.1842,0.735,0.0,0.0,3038
30723,55,-266.0175,-218.5964,0.7361,0.0,0.0,3037
30724,55,-251.3324,-221.2686,2.2846,5.5253,1.1142,3467
30725,55,-275.6285,-197.7753,2.3744,10.1334,1.5537,3863
30726,55,-265.6889,-210.4491,1.5637,5.5695,-0.2974,3035
30727,55,-242.3754,-225.515,2.3508,5.4735,2.4345,913
30728,55,-236.3522,-236.582,2.3506,3.4559,0.9713,908
30729,55,-243.5888,-229.2628,2.3511,4.4817,1.7549,912
30730,55,-234.5393,-233.4468,2.3506,4.3051,1.864,909
30731,55,-238.9155,-224.0358,-3.9327,0.0253,-0.0246,914
30732,55,-272.4542,-219.7134,0.7374,5.3546,1.3389,389
30733,55,-266.9047,-228.8628,0.7399,0.0669,-0.0948,3034
30734,55,-269.3216,-226.3287,0.7387,0.1577,-0.1756,3033
30735,55,-271.5903,-223.6606,0.7378,0.0306,-0.0324,3032
30736,55,-281.2566,-227.7355,0.7398,4.7527,0.3461,3031
30737,55,-289.9759,-235.6982,0.7419,4.504,1.4709,384
30739,55,-277.279,-228.847,0.7397,0.2056,-0.2205,3032
30740,55,-275.5276,-231.9839,0.7391,0.867,-0.7348,3033
30741,55,-233.4791,-229.5388,-3.9331,0.2408,-0.2277,910
30742,55,-298.7954,-243.7874,0.7422,4.4071,-0.6164,384
30743,55,-229.3558,-243.6561,2.3506,2.713,1.2134,908
30744,55,-283.613,-234.625,0.7398,1.0329,-0.8223,3032
30745,55,-307.7068,-251.9611,0.7422,4.5128,1.4402,384
30746,55,-280.6429,-241.393,0.741,2.5035,-1.1942,387
30747,55,-225.4742,-242.6089,2.3508,4.7086,0.8424,909
30748,55,-222.1912,-250.9003,2.3506,2.6234,0.423,908
30749,55,-225.3811,-237.7263,2.3508,3.1679,-2.0579,910
30750,55,-316.5871,-260.1067,0.7422,4.4919,-0.5887,384
30717,56,-261.4012,-201.9555,2.316,10.3096,1.8381,3469
30718,56,-261.3032,-223.7711,0.7385,0.0,0.0,3039
30719,56,-244.214,-218.6924,-3.929,0.0,0.0,914
30720,56,-258.7803,-210.9056,2.1567,6.79,1.3701,3467
30721,56,-250.8763,-216.2443,2.2261,6.684,1.0886,3468
30722,56,-263.6594,-221.1842,0.735,0.0,0.0,3038
30723,56,-266.0175,-218.5964,0.7361,0.0,0.0,3037
30724,56,-251.6929,-220.8396,2.2696,5.6477,1.1459,3467
30725,56,-276.3689,-197.0626,2.3752,10.3442,2.7452,3863
30726,56,-265.7305,-209.9516,1.6542,5.5785,0.1697,3035
30727,56,-242.7708,-225.1154,2.3509,5.6713,1.9613,913
30728,56,-236.6036,-236.3278,2.3506,3.6182,1.7052,908
30729,56,-243.9098,-228.9386,2.3512,4.6038,1.6262,912
30730,56,-234.8508,-233.1316,2.3504,4.4703,1.2931,909
30731,56,-238.9172,-224.0341,-3.9327,0.0229,-0.0261,914
30732,56,-272.0514,-219.3477,0.7371,5.4704,1.2876,389
30733,56,-266.9001,-228.8586,0.7399,0.0611,-0.063,3034
30734,56,-269.3108,-226.3189,0.7387,0.1419,-0.1685,3033
30735,56,-271.5882,-223.6587,0.7378,0.0277,-0.019,3032
30736,56,-280.8996,-227.4097,0.7397,4.868,1.4297,3031
30737,56,-289.6433,-235.3936,0.7414,4.5188,0.0943,384
30739,56,-277.2649,-228.8341,0.7397,0.1884,-0.1286,3032
30740,56,-275.4662,-231.9279,0.7391,0.8145,-0.6677,3033
30741,56,-233.4951,-229.5226,-3.9331,0.22,-0.305,910
30742,56,-298.4671,-243.4863,0.7422,4.4694,0.6016,384
30743,56,-229.5511,-243.4587,2.3506,2.8155,1.511,908
30744,56,-283.5404,-234.5588,0.7398,0.9566,-1.0234,3032
30745,56,-307.3762,-251.6579,0.7422,4.4842,-0.0607,384
30746,56,-280.4666,-241.2317,0.7408,2.3587,-1.1891,387
30747,56,-225.8076,-242.2719,2.3508,4.7507,0.4381,909
30748,56,-222.3762,-250.7133,2.3506,2.6539,0.9497,908
30749,56,-225.594,-237.5112,2.3508,2.9878,-1.548,910
30750,56,-316.2551,-259.802,0.7422,4.4964,-0.3839,384
30717,57,-262.1186,-201.1989,2.3295,10.4814,1.897,3469
30718,57,-261.3032,-223.7711,0.7385,0.0,0.0,3039
30719,57,-244.214,-218.6924,-3.929,0.0,0.0,914
30720,57,-259.167,-210.3365,2.1675,6.9176,1.0769,3467
30721,57,-251.2838,-215.7022,2.2153,6.812,0.9431,3468
30722,57,-263.6594,-221.1842,0.735,0.0,0.0,3038
30723,57,-266.0175,-218.5964,0.7361,0.0,0.0,3037
30724,57,-252.0583,-220.3937,2.2572,5.8024,1.1241,3467
30725,57,-277.1245,-196.3361,2.3758,10.5171,1.4577,3863
30726,57,-265.815,-209.4561,1.7396,5.5721,0.1697,3035
30727,57,-243.1836,-224.6983,2.351,5.9286,2.3791,913
30728,57,-236.8641,-236.0644,2.3506,3.7416,1.3992,908
30729,57,-244.2393,-228.6057,2.3512,4.715,1.1863,912
30730,57,-235.1738,-232.8048,2.3502,4.6343,1.2917,909
30731,57,-238.9187,-224.0326,-3.9327,0.0208,-0.0176,914
30732,57,-271.6393,-218.9736,0.7369,5.5893,1.0386,389
30733,57,-266.8959,-228.8548,0.7399,0.0555,-0.061,3034
30734,57,-269.301,-226.3099,0.7387,0.1308,-0.1035,3033
30735,57,-271.5863,-223.657,0.7378,0.0246,-0.0295,3032
30736,57,-280.5337,-227.0759,0.7396,4.9904,1.5266,3031
30737,57,-289.3049,-235.084,0.7409,4.6204,1.092,384
30739,57,-277.2517,-228.8221,0.7397,0.1749,-0.114,3032
30740,57,-275.409,-231.8758,0.7391,0.7597,-0.5821,3033
30741,57,-233.5097,-229.5079,-3.9331,0.2023,-0.218,910
30742,57,-298.1366,-243.1831,0.7422,4.5129,1.0981,384
30743,57,-229.7533,-243.2542,2.3506,2.8948,0.7714,908
30744,57,-283.4731,-234.4973,0.7398,0.8978,-0.544,3032
30745,57,-307.045,-251.3541,0.7422,4.4727,-0.8495,384
30746,57,-280.2995,-241.079,0.7406,2.2531,-0.4154,387
30747,57,-226.1467,-241.9292,2.3508,4.8449,0.9725,909
30748,57,-222.5657,-250.5217,2.3506,2.7187,0.9384,908
30749,57,-225.7965,-237.3066,2.3508,2.837,-1.6695,910
30750,57,-315.922,-259.4966,0.7422,4.5234,0.1825,384
30717,58,-262.8604,-200.4348,2.3413,10.7013,1.854,1439
30718,58,-261.3032,-223.7711,0.7385,0.0,0.0,3039
30719,58,-244.214,-218.6924,-3.929,0.0,0.0,914
30720,58,-259.5701,-209.7613,2.182,7.0804,1.8149,3467
30721,58,-251.6912,-215.1454,2.2024,6.9317,0.9546,3468
30722,58,-263.6594,-221.1842,0.735,0.0,0.0,3038
30723,58,-266.0175,-218.5964,0.7361,0.0,0.0,3037
30724,58,-252.4265,-219.9348,2.2469,5.9205,1.2279,3467
30725,58,-277.8967,-195.5943,2.3762,10.7591,2.1179,3863
30726,58,-265.9434,-208.9926,1.841,5.5673,-0.573,3035
30727,58,-243.6106,-224.2669,2.351,6.107,1.459,913
30728,58,-237.1329,-235.7925,2.3504,3.8681,1.5505,908
30729,58,-244.5791,-228.2626,2.3512,4.8473,0.6799,912
30730,58,-235.5063,-232.4681,2.35,4.7672,1.102,909
30731,58,-238.92,-224.0313,-3.9327,0.0188,-0.0223,914
30732,58,-271.2256,-218.5983,0.7368,5.5192,-2.5583,389
30733,58,-266.8921,-228.8513,0.7399,0.0501,-0.0551,3034
30734,58,-269.2921,-226.3018,0.7387,0.118,-0.0865,3033
30735,58,-271.5846,-223.6555,0.7378,0.0221,-0.0296,3032
30736,58,-280.1612,-226.736,0.7395,5.0686,1.0421,3031
30737,58,-288.962,-234.7706,0.7405,4.6379,-0.565,384
30739,58,-277.2398,-228.8112,0.7397,0.1569,-0.1873,3032
30740,58,-275.356,-231.8275,0.7391,0.6997,-0.6769,3033
30741,58,-233.523,-229.4944,-3.9331,0.1877,-0.0856,910
30742,58,-297.8016,-242.8759,0.7422,4.5654,0.8167,384
30743,58,-229.9656,-243.0396,2.3506,3.0675,1.9333,908
30744,58,-283.4097,-234.4394,0.7398,0.8444,-0.5664,3032
30745,58,-306.7119,-251.0485,0.7422,4.544,0.9506,384
30746,58,-280.1402,-240.9334,0.7405,2.1237,-1.3673,387
30747,58,-226.4895,-241.5827,2.3508,4.8749,0.0386,909
30748,58,-222.7562,-250.3291,2.3506,2.7269,0.7341,908
30749,58,-225.9855,-237.1155,2.3508,2.6591,-1.1457,910
30750,58,-315.5906,-259.1926,0.7422,4.4802,-0.6565,384
30717,59,-263.6269,-199.6622,2.3522,10.9549,2.6894,1439
30718,59,-261.3032,-223.7711,0.7385,0.0,0.0,3039
30719,59,-244.214,-218.6924,-3.929,0.0,0.0,914
30720,59,-259.9901,-209.1764,2.1936,7.2478,1.616,3467
30721,59,-252.1016,-214.5723,2.1922,7.0959,1.7022,3468
30722,59,-263.6594,-221.1842,0.735,0.0,0.0,3038
30723,59,-266.0175,-218.5964,0.7361,0.0,0.0,3037
30724,59,-252.8003,-219.4606,2.2384,6.0837,1.6926,3467
30725,59,-278.6849,-194.8376,2.3765,10.9684,1.7051,3863
30726,59,-266.1231,-208.5193,1.9336,5.6988,1.4109,3035
30727,59,-244.0456,-223.8274,2.3511,6.1413,-1.7533,913
30728,59,-237.4092,-235.5128,2.3502,3.9669,1.1585,908
30729,59,-244.9277,-227.9106,2.3512,4.9913,1.4302,912
30730,59,-235.8494,-232.1208,2.3499,4.9392,1.9757,909
30731,59,-238.9213,-224.03,-3.9327,0.0169,-0.017,914
30732,59,-270.844,-218.2522,0.7367,5.0264,-4.9284,389
30733,59,-266.8887,-228.8482,0.7399,0.045,-0.0355,3034
30734,59,-269.2841,-226.2945,0.7387,0.1055,-0.1036,3033
30735,59,-271.5831,-223.6541,0.7378,0.0204,-0.0187,3032
30736,59,-279.7969,-226.4038,0.7395,4.843,-3.48,3031
30737,59,-288.6173,-234.4557,0.7402,4.6597,-0.6543,384
30739,59,-277.2289,-228.8012,0.7397,0.1443,-0.1627,3032
30740,59,-275.3072,-231.783,0.7391,0.6454,-0.6101,3033
30741,59,-233.5351,-229.4822,-3.9331,0.1677,-0.1729,910
30742,59,-297.4669,-242.5688,0.7422,4.5675,1.0355,384
30743,59,-230.1857,-242.8171,2.3506,3.1562,1.0816,908
30744,59,-283.3514,-234.3862,0.7397,0.7823,-0.3047,3032
30745,59,-306.3772,-250.7416,0.7422,4.514,-1.0552,384
30746,59,-279.9919,-240.7978,0.7404,1.9969,-0.4657,3034
30747,59,-226.8366,-241.232,2.3508,4.9618,1.0911,909
30748,59,-222.9541,-250.129,2.3506,2.8317,0.6926,908
30749,59,-226.1641,-236.9351,2.3508,2.4894,-1.9525,910
30750,59,-315.2572,-258.8867,0.7422,4.5277,0.1289,384
30717,60,-264.4143,-198.8802,2.3596,11.1658,2.6448,1439
30718,60,-261.3032,-223.7711,0.7385,0.0,0.0,3039
30719,60,-244.214,-218.6924,-3.929,0.0,0.0,914
30720,60,-260.4244,-208.5831,2.2026,7.3847,1.143,3467
30721,60,-252.5168,-213.9823,2.184,7.2607,1.7521,3468
30722,60,-263.6594,-221.1842,0.735,0.0,0.0,3038
30723,60,-266.0175,-218.5964,0.7361,0.0,0.0,3037
30724,60,-253.1801,-218.972,2.2314,6.2264,1.3928,3467
30725,60,-279.4885,-194.067,2.3771,11.1964,2.596,3863
30726,60,-266.3543,-208.026,2.009,5.8606,1.1214,3035
30727,60,-244.4449,-223.4241,2.3511,5.5213,-6.1998,913
30728,60,-237.6965,-235.222,2.35,4.1365,1.6873,908
30729,60,-245.2879,-227.5468,2.3512,5.1734,2.1141,912
30730,60,-236.1976,-231.768,2.3497,4.9353,-1.1731,909
30731,60,-238.9224,-224.0289,-3.9327,0.0154,-0.015,914
30732,60,-270.4989,-217.9392,0.7366,4.5335,-4.9284,389
30733,60,-266.8857,-228.8454,0.7399,0.0401,-0.0419,3034
30734,60,-269.2769,-226.288,0.7387,0.0945,-0.1188,3033
30735,60,-271.5817,-223.6528,0.7378,0.0184,-0.0145,3032
30736,60,-279.4508,-226.0881,0.7394,4.6345,-1.9933,3031
30737,60,-288.2802,-234.1479,0.7399,4.5478,-0.9181,384
30739,60,-277.2187,-228.792,0.7397,0.1341,-0.1039,3032
30740,60,-275.2622,-231.7419,0.7391,0.5965,-0.5309,3033
30741,60,-233.5461,-229.471,-3.9331,0.1536,-0.1457,910
30742,60,-297.1323,-242.262,0.7422,4.5326,-0.2503,384
30743,60,-230.4128,-242.5874,2.3506,3.272,1.6473,908
30744,60,-283.2972,-234.3367,0.7397,0.722,-0.4709,3032
30745,60,-306.042,-250.4341,0.7422,4.5191,-1.1634,384
30746,60,-279.8525,-240.6704,0.7403,1.8559,-1.3101,3034
30747,60,-227.1896,-240.8751,2.3508,5.0268,0.3125,909
30748,60,-223.1561,-249.9248,2.3506,2.8879,0.6109,908
30749,60,-226.3307,-236.7666,2.3508,2.3184,-2.057,910
30750,60,-314.9258,-258.5828,0.7422,4.5114,0.6147,384
30717,61,-265.2202,-198.0874,2.3644,11.3712,2.6161,1439
30718,61,-261.3032,-223.7711,0.7385,0.0,0.0,3039
30719,61,-244.214,-218.6924,-3.929,0.0,0.0,914
30720,61,-260.871,-207.9821,2.2098,7.5324,1.7379,3467
30721,61,-252.9361,-213.3784,2.1776,7.3898,1.4787,3469
30722,61,-263.6594,-221.1842,0.735,0.0,0.0,3038
30723,61,-266.0175,-218.5964,0.7361,0.0,0.0,3037
30724,61,-253.5659,-218.4698,2.2257,6.3498,0.6439,3039
30725,61,-280.3087,-193.2811,2.3775,11.4127,2.1538,3863
30726,61,-266.63,-207.5194,2.0692,6.0353,1.2236,3035
30727,61,-244.8006,-223.0649,2.3512,4.9013,-6.1998,913
30728,61,-237.9933,-234.9215,2.3499,4.2534,0.957,908
30729,61,-245.6609,-227.1701,2.3513,5.3447,1.6569,912
30730,61,-236.528,-231.4333,2.3497,4.6273,-3.2327,909
30731,61,-238.9234,-224.0279,-3.9327,0.0138,-0.0169,914
30732,61,-270.1903,-217.6593,0.7365,4.0407,-4.9284,389
30733,61,-266.8829,-228.8429,0.7399,0.0371,-0.0222,3034
30734,61,-269.2704,-226.282,0.7387,0.086,-0.0924,3033
30735,61,-271.5804,-223.6517,0.7378,0.0166,-0.0167,3032
30736,61,-279.1243,-225.7903,0.7394,4.343,-3.0225,3031
30737,61,-287.9504,-233.8469,0.7397,4.4189,-2.1132,384
30739,61,-277.2095,-228.7836,0.7397,0.122,-0.1259,3032
30740,61,-275.2207,-231.7041,0.7391,0.5465,-0.6075,3033
30741,61,-233.5562,-229.4608,-3.9331,0.14,-0.1339,910
30742,61,-296.8015,-241.9586,0.7422,4.4779,-0.4157,384
30743,61,-230.6492,-242.3484,2.3506,3.3769,0.6446,908
30744,61,-283.2472,-234.2911,0.7397,0.663,-0.5874,3032
30745,61,-305.7086,-250.1283,0.7422,4.5024,-0.8633,384
30746,61,-279.7205,-240.5498,0.7402,1.7492,-1.5393,3034
30747,61,-227.5393,-240.5217,2.3508,4.9379,-1.3508,909
30748,61,-223.364,-249.7145,2.3506,2.9802,0.9248,908
30749,61,-226.487,-236.6087,2.3508,2.1704,-2.0311,910
30750,61,-314.5917,-258.2763,0.7422,4.5328,-0.0038,384
30717,62,-266.0466,-197.28,2.3677,11.5985,1.793,1439
30718,62,-261.3032,-223.7711,0.7385,0.0,0.0,3039
30719,62,-244.214,-218.6924,-3.929,0.0,0.0,914
30720,62,-261.3319,-207.3721,2.2178,7.6856,1.3755,3467
30721,62,-253.3605,-212.7603,2.1725,7.5345,1.478,3469
30722,62,-263.6594,-221.1842,0.735,0.0,0.0,3038
30723,62,-266.0175,-218.5964,0.7361,0.0,0.0,3037
30724,62,-253.9545,-217.9532,2.2158,6.509,1.5269,3039
30725,62,-281.1426,-192.4825,2.3778,11.5968,2.073,3863
30726,62,-266.9423,-207.01,2.1207,6.1968,2.1415,3035
30727,62,-245.1127,-222.7497,2.3512,4.2813,-6.1998,913
30728,62,-238.2986,-234.6123,2.3498,4.3827,1.2108,908
30729,62,-246.0471,-226.7801,2.3513,5.539,1.9644,912
30730,62,-236.8399,-231.1174,2.3497,4.3624,-3.086,909
30731,62,-238.9243,-224.027,-3.9327,0.0126,-0.0096,914
30732,62,-269.9182,-217.4126,0.7365,3.5478,-4.9284,389
30733,62,-266.8804,-228.8406,0.7399,0.0331,-0.0289,3034
30734,62,-269.2645,-226.2767,0.7387,0.0785,-0.0497,3033
30735,62,-271.5793,-223.6506,0.7378,0.015,-0.0147,3032
30736,62,-278.8148,-225.5081,0.7393,4.1293,-2.3479,3031
30737,62,-287.6275,-233.5522,0.7397,4.3472,-0.9942,384
30739,62,-277.2011,-228.7759,0.7397,0.111,-0.0989,3032
30740,62,-275.1823,-231.6692,0.7391,0.5099,-0.3619,3033
30741,62,-233.5655,-229.4514,-3.9331,0.1287,-0.1468,910
30742,62,-296.4747,-241.6588,0.7422,4.4134,-0.8673,384
30743,62,-230.8925,-242.1024,2.3506,3.4797,0.789,908
30744,62,-283.2002,-234.2482,0.7397,0.6223,-0.5534,3032
30745,62,-305.3771,-249.8242,0.7422,4.4795,-0.7461,384
30746,62,-279.5957,-240.4358,0.7401,1.6635,-1.0839,3034
30747,62,-227.8767,-240.1808,2.3508,4.7586,-1.4982,909
30748,62,-223.575,-249.5012,2.3506,3.0289,1.1249,908
30749,62,-226.6325,-236.4616,2.3508,2.0231,-1.8721,910
30750,62,-314.26,-257.972,0.7422,4.4858,-0.6338,384
30717,63,-266.8918,-196.4579,2.37,11.8545,2.5613,1439
30718,63,-261.3032,-223.7711,0.7385,0.0,0.0,3039
30719,63,-244.214,-218.6924,-3.929,0.0,0.0,914
30720,63,-261.8141,-206.7669,2.2436,7.8082,1.4193,3467
30721,63,-253.7914,-212.1277,2.1686,7.6926,1.5594,3469
30722,63,-263.6594,-221.1842,0.735,0.0,0.0,3038
30723,63,-266.0175,-218.5964,0.7361,0.0,0.0,3037
30724,63,-254.3448,-217.4203,2.2028,6.664,1.9409,3039
30725,63,-281.991,-191.6704,2.378,11.8016,2.3632,3863
30726,63,-267.2873,-206.5008,2.1662,6.3107,1.2507,3035
30727,63,-245.3812,-222.4785,2.3512,3.6613,-6.1998,913
30728,63,-238.6143,-234.2924,2.3497,4.5424,1.6313,908
30729,63,-246.4462,-226.3772,2.3513,5.7002,1.1191,912
30730,63,-237.1329,-230.8207,2.3498,4.1115,-2.3615,913
30731,63,-238.9251,-224.0261,-3.9327,0.0112,-0.0152,914
30732,63,-269.6827,-217.1991,0.7364,3.055,-4.9284,389
30733,63,-266.8781,-228.8386,0.7399,0.0297,-0.0298,3034
30734,63,-269.2592,-226.2718,0.7387,0.0709,-0.0715,3033
30735,63,-271.5782,-223.6497,0.7378,0.0134,-0.0165,3032
30736,63,-278.5216,-225.2406,0.7393,3.9071,-2.4782,3031
30737,63,-287.3143,-233.2664,0.7398,4.1927,-1.8813,384
30739,63,-277.1934,-228.7689,0.7397,0.1015,-0.0965,3032
30740,63,-275.1471,-231.6369,0.739,0.4685,-0.3586,3033
30741,63,-233.5739,-229.4428,-3.9331,0.1196,-0.0549,910
30742,63,-296.1516,-241.3625,0.7422,4.3712,-0.4719,384
30743,63,-231.1433,-241.8488,2.3506,3.5861,0.7769,908
30744,63,-283.1567,-234.2086,0.7397,0.5741,-0.5583,3032
30745,63,-305.0487,-249.523,0.7422,4.4671,0.4643,384
30746,63,-279.4784,-240.3287,0.7401,1.5528,-1.3741,3034
30747,63,-228.2049,-239.849,2.3508,4.6448,-0.8796,909
30748,63,-223.7912,-249.2825,2.3506,3.0818,0.2631,908
30749,63,-226.7697,-236.3229,2.3508,1.9016,-1.9325,910
30750,63,-313.9284,-257.6679,0.7422,4.4955,-0.136,384
30717,64,-267.7523,-195.6244,2.3721,12.0317,1.6424,1439
30718,64,-261.3032,-223.7711,0.7385,0.0,0.0,3039
30719,64,-244.214,-218.6924,-3.929,0.0,0.0,914
30720,64,-262.3197,-206.1578,2.2636,7.9808,1.7996,3467
30721,64,-254.2283,-211.4819,2.1656,7.8195,0.9402,3469
30722,64,-263.6594,-221.1842,0.735,0.0,0.0,3038
30723,64,-266.0175,-218.5964,0.7361,0.0,0.0,3037
30724,64,-254.739,-216.8701,2.1924,6.802,1.1409,3039
30725,64,-282.8564,-190.8421,2.3781,12.031,2.1382,3863
30726,64,-267.6622,-205.9921,2.2059,6.4459,1.217,1437
30727,64,-245.6061,-222.2514,2.3512,3.0413,-6.1998,913
30728,64,-238.9366,-233.966,2.3496,4.5744,-0.7613,908
30729,64,-246.8229,-225.9968,2.3513,5.2279,-5.0802,912
30730,64,-237.4087,-230.5413,2.3498,3.8764,-2.0193,913
30731,64,-238.9258,-224.0254,-3.9327,0.01,-0.0119,914
30732,64,-269.4836,-217.0186,0.7364,2.5622,-4.9284,389
30733,64,-266.8761,-228.8367,0.7399,0.0272,-0.0218,3034
30734,64,-269.2543,-226.2674,0.7387,0.0638,-0.0688,3033
30735,64,-271.5773,-223.6488,0.7378,0.012,-0.0159,3032
30736,64,-278.2458,-224.9892,0.7393,3.6786,-2.1183,3031
30737,64,-287.0094,-232.988,0.7398,4.0779,-2.0268,3031
30739,64,-277.1863,-228.7624,0.7397,0.0931,-0.1171,3032
30740,64,-275.1142,-231.607,0.739,0.4355,-0.363,3033
30741,64,-233.5816,-229.435,-3.9331,0.1072,-0.0851,910
30742,64,-295.832,-241.0693,0.7422,4.331,-0.252,384
30743,64,-231.4033,-241.5858,2.3506,3.7484,1.9818,908
30744,64,-283.1168,-234.1721,0.7397,0.5309,-0.3891,3032
30745,64,-304.7231,-249.2244,0.7422,4.412,-0.2329,384
30746,64,-279.3685,-240.2283,0.74,1.4719,-0.6879,3034
30747,64,-228.5239,-239.5266,2.3508,4.5101,-0.9919,909
30748,64,-224.0128,-249.0585,2.3506,3.1567,0.2029,908
30749,64,-226.897,-236.1943,2.3508,1.7795,-1.2037,910
30750,64,-313.5986,-257.3654,0.7422,4.4651,-0.376,384
30717,65,-268.6289,-194.7782,2.3738,12.2654,2.595,1439
30718,65,-261.3032,-223.7711,0.7385,0.0,0.0,3039
30719,65,-244.214,-218.6924,-3.929,0.0,0.0,914
30720,65,-262.8537,-205.5466,2.2888,8.1332,1.7454,3467
30721,65,-254.6718,-210.823,2.1632,7.9842,1.7463,3469
30722,65,-263.6594,-221.1842,0.735,0.0,0.0,3038
30723,65,-266.0175,-218.5964,0.7361,0.0,0.0,3037
30724,65,-255.1377,-216.3035,2.184,6.9636,1.3028,3039
30725,65,-283.7377,-189.9994,2.3785,12.2307,1.9366,3863
30726,65,-268.0638,-205.4847,2.2404,6.5691,1.0929,1437
30727,65,-245.7878,-222.0672,2.3492,2.4338,-6.1998,913
30728,65,-239.2452,-233.6534,2.3499,4.333,-2.4429,908
30729,65,-247.1646,-225.6517,2.3513,4.7445,-4.5207,912
30730,65,-237.6699,-230.2769,2.3498,3.6555,-2.4598,913
30731,65,-238.9265,-224.0247,-3.9327,0.0091,-0.0099,914
30732,65,-269.3211,-216.8713,0.7364,2.0693,-4.9284,389
30733,65,-266.8742,-228.835,0.7399,0.0247,-0.027,3034
30734,65,-269.25,-226.2634,0.7387,0.0569,-0.0683,3033
30735,65,-271.5765,-223.6481,0.7378,0.0109,-0.0117,3032
30736,65,-277.9864,-224.7526,0.7393,3.4652,-1.803,3031
30737,65,-286.7134,-232.7179,0.7398,3.994,-0.5082,3031
30739,65,-277.1799,-228.7566,0.7397,0.0853,-0.0789,3032
30740,65,-275.0838,-231.5793,0.739,0.403,-0.3327,3033
30741,65,-233.5888,-229.4278,-3.9331,0.0993,-0.0974,910
30742,65,-295.5189,-240.7822,0.7422,4.239,-0.3379,384
30743,65,-231.6648,-241.3214,2.3506,3.686,-1.3123,908
30744,65,-283.0798,-234.1382,0.7396,0.4869,-0.5868,3032
30745,65,-304.3968,-248.9251,0.7422,4.4111,-0.6552,384
30746,65,-279.2644,-240.1333,0.74,1.3926,-0.6438,3034
30747,65,-228.8337,-239.2135,2.3508,4.376,-1.1408,909
30748,65,-224.2404,-248.8284,2.3506,3.2354,-0.0154,908
30749,65,-227.0158,-236.0742,2.3508,1.6738,-0.6516,910
30750,65,-313.2675,-257.0617,0.7422,4.4979,0.2083,384
30717,66,-269.5227,-193.9177,2.3751,12.4619,1.5944,1439
30718,66,-261.3032,-223.7711,0.7385,0.0,0.0,3039
30719,66,-244.214,-218.6924,-3.929,0.0,0.0,914
30720,66,-263.4035,-204.9377,2.3052,8.2428,1.0668,3467
30721,66,-255.1219,-210.1517,2.1614,8.1238,1.6817,3469
30722,66,-263.6594,-221.1842,0.735,0.0,0.0,3038
30723,66,-266.0175,-218.5964,0.7361,0.0,0.0,3037
30724,66,-255.542,-215.7209,2.1774,7.1279,1.3815,3038
30725,66,-284.6361,-189.141,2.3789,12.4687,2.2264,3863
30726,66,-268.4922,-204.9745,2.2692,6.7466,1.4318,1437
30727,66,-245.9262,-221.9269,2.3496,1.8196,-6.0845,913
30728,66,-239.5364,-233.3586,2.3501,4.0684,-3.048,908
30729,66,-247.4706,-225.3427,2.3513,4.2187,-5.2583,912
30730,66,-237.914,-230.0296,2.3499,3.422,-2.1233,913
30731,66,-238.9271,-224.0241,-3.9327,0.0083,-0.0077,914
30732,66,-269.1951,-216.7571,0.7363,1.5765,-4.9284,389
30733,66,-266.8725,-228.8334,0.7399,0.0219,-0.0313,3034
30734,66,-269.246,-226.2598,0.7387,0.0525,-0.0389,3033
30735,66,-271.5757,-223.6474,0.7378,0.01,-0.008,3032
30736,66,-277.7419,-224.5297,0.7393,3.2456,-2.5223,3031
30737,66,-286.4264,-232.4558,0.7399,3.8703,-0.6225,3031
30739,66,-277.1739,-228.7511,0.7397,0.0792,-0.0783,3032
30740,66,-275.0557,-231.5537,0.739,0.372,-0.3196,3033
30741,66,-233.5952,-229.4213,-3.9331,0.0901,-0.0767,910
30742,66,-295.2108,-240.4995,0.7422,4.1647,-0.6397,384
30743,66,-231.9207,-241.0627,2.3506,3.6111,-1.1287,908
30744,66,-283.0457,-234.1071,0.7396,0.4568,-0.2143,3032
30745,66,-304.0744,-248.6294,0.7422,4.3732,-0.0145,384
30746,66,-279.1665,-240.0439,0.7399,1.3062,-0.8073,3034
30747,66,-229.1352,-238.9087,2.3508,4.261,-1.0374,909
30748,66,-224.4678,-248.5985,2.3506,3.2486,0.597,908
30749,66,-227.1255,-235.9634,2.3508,1.5376,-0.8425,910
30750,66,-312.9408,-256.762,0.7422,4.4197,-0.5169,384
30717,67,-270.4325,-193.0443,2.3766,12.6496,1.4727,3865
30718,67,-261.3032,-223.7711,0.7385,0.0,0.0,3039
30719,67,-244.214,-218.6924,-3.929,0.0,0.0,914
30720,67,-263.9718,-204.3222,2.3163,8.4261,1.8188,3467
30721,67,-255.5797,-209.4667,2.16,8.2679,1.2373,3469
30722,67,-263.6594,-221.1842,0.735,0.0,0.0,3038
30723,67,-266.0175,-218.5964,0.7361,0.0,0.0,3037
30724,67,-255.9493,-215.1274,2.1721,7.233,1.3797,3038
30725,67,-285.5485,-188.2688,2.3786,12.6528,1.5192,3863
30726,67,-268.9449,-204.46,2.2923,6.9174,1.3652,1437
30727,67,-246.0219,-221.83,2.3499,1.2146,-5.8999,913
30728,67,-239.8104,-233.0814,2.3502,3.819,-3.1703,912
30729,67,-247.7396,-225.0711,2.3513,3.6929,-5.2583,912
30730,67,-238.1418,-229.7989,2.3499,3.1687,-2.9731,913
30731,67,-238.9276,-224.0236,-3.9327,0.0075,-0.01,914
30732,67,-269.1053,-216.6757,0.7363,1.0931,-4.7385,389
30733,67,-266.871,-228.8321,0.7399,0.0198,-0.0223,3034
30734,67,-269.2425,-226.2566,0.7387,0.0468,-0.0581,3033
30735,67,-271.5751,-223.6468,0.7378,0.009,-0.006,3032
30736,67,-277.5123,-224.3203,0.7393,3.0666,-1.6105,3031
30737,67,-286.1456,-232.1994,0.7399,3.7706,-1.2781,3031
30739,67,-277.1684,-228.7461,0.7397,0.0726,-0.0692,3032
30740,67,-275.03,-231.5302,0.739,0.3408,-0.3071,3033
30741,67,-233.601,-229.4154,-3.9331,0.0809,-0.0827,910
30742,67,-294.9056,-240.2196,0.7422,4.1439,0.1164,384
30743,67,-232.1722,-240.8085,2.3506,3.5315,-1.7755,908
30744,67,-283.0143,-234.0784,0.7396,0.4178,-0.2894,3032
30745,67,-303.7572,-248.3385,0.7422,4.293,-0.4436,384
30746,67,-279.0754,-239.9608,0.7399,1.2051,-1.0893,3034
30747,67,-229.4255,-238.6153,2.3508,4.101,-1.0375,909
30748,67,-224.6954,-248.3684,2.3506,3.2565,0.7869,908
30749,67,-227.2287,-235.859,2.3508,1.4513,-0.6759,910
30750,67,-312.6153,-256.4634,0.7422,4.3874,-1.1744,384
30717,68,-271.3559,-192.1597,2.3776,12.8578,2.7505,3865
30718,68,-261.3032,-223.7711,0.7385,0.0,0.0,3039
30719,68,-244.214,-218.6924,-3.929,0.0,0.0,914
30720,68,-264.5595,-203.7003,2.3279,8.6074,1.8649,3467
30721,68,-256.0438,-208.7709,2.1589,8.4048,1.7039,3469
30722,68,-263.6594,-221.1842,0.735,0.0,0.0,3038
30723,68,-266.0175,-218.5964,0.7361,0.0,0.0,3037
30724,68,-256.3637,-214.5179,2.168,7.3957,1.033,3038
30725,68,-286.4732,-187.3834,2.3779,12.8576,2.1794,1441
30726,68,-269.4179,-203.9421,2.3108,7.0801,1.8841,1437
30727,68,-246.0747,-221.7766,2.3501,0.5971,-6.1501,913
30728,68,-240.0685,-232.8203,2.3504,3.609,-2.567,912
30729,68,-247.9717,-224.8368,2.3513,3.167,-5.2583,912
30730,68,-238.356,-229.5821,2.3499,2.9968,-2.0515,913
30731,68,-238.9281,-224.0231,-3.9327,0.0068,-0.0043,914
30732,68,-269.0517,-216.6271,0.7363,0.6003,-4.9284,389
30733,68,-266.8697,-228.8308,0.7399,0.0182,-0.0134,3034
30734,68,-269.2392,-226.2537,0.7387,0.0429,-0.0346,3033
30735,68,-271.5744,-223.6462,0.7378,0.0082,-0.0088,3032
30736,68,-277.2955,-224.1226,0.7393,2.902,-1.2621,3031
30737,68,-285.8724,-231.95,0.7399,3.6722,-1.076,3031
30739,68,-277.1635,-228.7416,0.7397,0.0653,-0.0615,3032
30740,68,-275.0064,-231.5087,0.739,0.311,-0.3441,3033
30741,68,-233.6063,-229.41,-3.9331,0.0739,-0.0685,910
30742,68,-294.6056,-239.9444,0.7422,4.072,0.0474,384
30743,68,-232.4173,-240.5606,2.3506,3.4895,0.1364,908
30744,68,-282.9853,-234.0519,0.7396,0.3859,-0.315,3032
30745,68,-303.4418,-248.0492,0.7422,4.27,-0.3625,384
30746,68,-278.9905,-239.8832,0.7398,1.1436,-0.2527,3034
30747,68,-229.708,-238.3299,2.3508,3.9968,-0.7477,909
30748,68,-224.9225,-248.1387,2.3506,3.2209,-0.3662,908
30749,68,-227.3233,-235.7634,2.3508,1.314,-1.2441,910
30750,68,-312.2907,-256.1657,0.7422,4.3872,-0.6846,384
30717,69,-272.2942,-191.2619,2.3782,13.0411,2.1203,3865
30718,69,-261.3032,-223.7711,0.7385,0.0,0.0,3039
30719,69,-244.214,-218.6924,-3.929,0.0,0.0,914
30720,69,-265.1633,-203.0754,2.3389,8.7243,1.2039,1438
30721,69,-256.5213,-208.0676,2.1672,8.5423,1.344,3469
30722,69,-263.6594,-221.1842,0.735,0.0,0.0,3038
30723,69,-266.0175,-218.5964,0.7361,0.0,0.0,3037
30724,69,-256.7837,-213.896,2.1647,7.5495,1.8079,3038
30725,69,-287.4128,-186.4829,2.3774,13.0695,2.2072,1441
30726,69,-269.9093,-203.4196,2.3255,7.222,1.5001,1437
30727,69,-246.0844,-221.7653,-3.9326,0.0051,-5.7291,913
30728,69,-240.3079,-232.5782,2.3505,3.3492,-2.2364,912
30729,69,-248.1666,-224.6396,2.3506,2.6426,-5.2308,912
30730,69,-238.5541,-229.3816,2.3499,2.7633,-2.2214,913
30731,69,-238.9286,-224.0226,-3.9327,0.0061,-0.0067,914
30732,69,-269.0348,-216.611,0.7361,0.1116,-4.8449,389
30733,69,-266.8684,-228.8297,0.7399,0.0163,-0.0144,3034
30734,69,-269.2363,-226.251,0.7387,0.038,-0.0485,3033
30735,69,-271.5739,-223.6457,0.7378,0.0074,-0.0052,3032
30736,69,-277.0917,-223.9368,0.7392,2.7215,-1.4556,3031
30737,69,-285.6069,-231.7077,0.7399,3.5568,-1.4983,3031
30739,69,-277.1589,-228.7374,0.7397,0.0599,-0.0611,3032
30740,69,-274.9846,-231.4889,0.739,0.2881,-0.2617,3033
30741,69,-233.6112,-229.4051,-3.9332,0.0675,-0.0731,910
30742,69,-294.3088,-239.6722,0.7422,4.0033,-0.9539,384
30743,69,-232.6578,-240.3175,2.3506,3.403,-0.6756,908
30744,69,-282.9585,-234.0274,0.7396,0.3572,-0.2187,3032
30745,69,-303.1269,-247.7604,0.7422,4.2704,-0.0828,384
30746,69,-278.9116,-239.8112,0.7398,1.0554,-0.4958,3034
30747,69,-229.9822,-238.0527,2.3508,3.8813,-0.7293,909
30748,69,-225.148,-247.9107,2.3506,3.1896,-0.6763,908
30749,69,-227.4112,-235.6746,2.3508,1.2173,-1.247,910
30750,69,-311.9678,-255.8695,0.7422,4.3913,0.385,384
30717,70,-273.2504,-190.3478,2.3787,13.2815,2.0806,3865
30718,70,-261.3032,-223.7711,0.7385,0.0,0.0,3039
30719,70,-244.214,-218.6924,-3.929,0.0,0.0,914
30720,70,-265.7824,-202.4473,2.349,8.8667,1.7967,1438
30721,70,-257.0174,-207.3635,2.1846,8.6504,0.9353,3469
30722,70,-263.6594,-221.1842,0.735,0.0,0.0,3038
30723,70,-266.0175,-218.5964,0.7361,0.0,0.0,3037
30724,70,-257.2103,-213.2608,2.1622,7.6859,1.3846,3038
30725,70,-288.3677,-185.567,2.377,13.3,2.7097,1441
30726,70,-270.4209,-202.8882,2.3372,7.4338,2.0593,1437
30727,70,-246.0844,-221.7653,-3.9326,0.0,-0.0019,913
30728,70,-240.533,-232.3505,2.3506,3.1432,-2.3773,912
30729,70,-248.3244,-224.4796,2.3492,2.1168,-5.2583,912
30730,70,-238.7391,-229.1942,2.3499,2.5797,-2.159,913
30731,70,-238.929,-224.0222,-3.9327,0.0055,-0.005,914
30732,70,-269.0348,-216.6109,0.7361,0.0,-0.0218,389
30733,70,-266.8673,-228.8287,0.7399,0.0146,-0.0219,3034
30734,70,-269.2337,-226.2486,0.7387,0.0343,-0.0505,3033
30735,70,-271.5734,-223.6452,0.7378,0.0067,-0.0039,3032
30736,70,-276.9022,-223.764,0.7392,2.5317,-1.3089,3031
30737,70,-285.3513,-231.4743,0.7399,3.4354,-1.0328,3031
30739,70,-277.1548,-228.7336,0.7397,0.0549,-0.048,3032
30740,70,-274.9645,-231.4705,0.739,0.2645,-0.3019,3033
30741,70,-233.6157,-229.4006,-3.9332,0.0623,-0.0512,910
30742,70,-294.0179,-239.4054,0.7422,3.9383,-0.3124,384
30743,70,-232.8919,-240.0807,2.3506,3.3305,0.0284,908
30744,70,-282.9335,-234.0046,0.7395,0.3288,-0.3627,3032
30745,70,-302.8177,-247.4768,0.7422,4.1721,-0.9298,384
30746,70,-278.838,-239.744,0.7398,0.9713,-1.0051,3034
30747,70,-230.2476,-237.7845,2.3508,3.7492,-0.914,909
30748,70,-225.3719,-247.6843,2.3506,3.1656,-0.787,908
30749,70,-227.4935,-235.5914,2.3508,1.1433,-1.0944,910
30750,70,-311.6465,-255.5747,0.7422,4.3406,-0.7707,384
30717,71,-274.2232,-189.4176,2.3786,13.5228,2.4749,3865
30718,71,-261.3032,-223.7711,0.7385,0.0,0.0,3039
30719,71,-244.214,-218.6924,-3.929,0.0,0.0,914
30720,71,-266.4178,-201.812,2.3562,9.0184,1.2955,1438
30721,71,-257.5307,-206.655,2.1977,8.7853,1.2108,3469
30722,71,-263.6594,-221.1842,0.735,0.0,0.0,3038
30723,71,-266.0175,-218.5964,0.7361,0.0,0.0,3037
30724,71,-257.6442,-212.612,2.1602,7.8571,2.1362,3467
30725,71,-289.3367,-184.6372,2.3768,13.4734,1.7821,1441
30726,71,-270.9512,-202.3474,2.3464,7.6268,1.9307,1437
30727,71,-246.0844,-221.7653,-3.9326,0.0,0.0,913
30728,71,-240.7434,-232.1378,2.3506,2.9635,-1.1529,912
30729,71,-248.4456,-224.3568,2.3493,1.5942,-5.2583,912
30730,71,-238.9101,-229.0211,2.3499,2.399,-1.3776,913
30731,71,-238.9293,-224.0218,-3.9327,0.0049,-0.0061,914
30732,71,-269.0348,-216.6109,0.7361,0.0,0.0,389
30733,71,-266.8663,-228.8277,0.7399,0.0133,-0.0155,3034
30734,71,-269.2313,-226.2465,0.7387,0.0313,-0.0288,3033
30735,71,-271.5729,-223.6448,0.7378,0.0059,-0.0062,3032
30736,71,-276.7231,-223.6007,0.7392,2.3805,-1.7042,3031
30737,71,-285.1022,-231.2468,0.7399,3.3722,-0.0212,3031
30739,71,-277.151,-228.7302,0.7397,0.0506,-0.0414,3032
30740,71,-274.9461,-231.4538,0.739,0.2403,-0.3239,3033
30741,71,-233.6198,-229.3964,-3.9332,0.0567,-0.0543,910
30742,71,-293.7329,-239.144,0.7422,3.828,-1.5528,384
30743,71,-233.1204,-239.8497,2.3506,3.2247,-0.9563,908
30744,71,-282.9105,-233.9836,0.7395,0.3054,-0.2664,3032
30745,71,-302.5109,-247.1953,0.7422,4.1692,0.2214,384
30746,71,-278.7695,-239.6815,0.7397,0.9094,-0.7037,3034
30747,71,-230.5048,-237.5245,2.3508,3.6206,-1.4735,909
30748,71,-225.5951,-247.4586,2.3506,3.1648,-0.3682,908
30749,71,-227.5691,-235.515,2.3508,1.0606,-0.567,910
30750,71,-311.3282,-255.2828,0.7422,4.3028,-0.612,384
30717,72,-275.2126,-188.4708,2.3781,13.7596,2.5491,3865
30718,72,-261.3032,-223.7711,0.7385,0.0,0.0,3039
30719,72,-244.214,-218.6924,-3.929,0.0,0.0,914
30720,72,-267.0665,-201.1704,2.3617,9.1642,1.6286,1438
30721,72,-258.0593,-205.9403,2.2075,8.9341,1.6762,3469
30722,72,-263.6594,-221.1842,0.735,0.0,0.0,3038
30723,72,-266.0175,-218.5964,0.7361,0.0,0.0,3037
30724,72,-258.0862,-211.9489,2.1587,7.9966,1.112,3467
30725,72,-290.3199,-183.6934,2.3766,13.6789,1.9767,1441
30726,72,-271.4957,-201.8001,2.3535,7.762,1.5659,1437
30727,72,-246.0844,-221.7653,-3.9326,0.0,0.0,913
30728,72,-240.9405,-231.9385,2.3507,2.766,-1.5375,912
30729,72,-248.53,-224.2712,2.3494,1.0737,-5.1526,912
30730,72,-239.0681,-228.8611,2.3499,2.2164,-1.2997,913
30731,72,-238.9297,-224.0215,-3.9327,0.0045,-0.0043,914
30732,72,-269.0348,-216.6109,0.7361,0.0,0.0,389
30733,72,-266.8654,-228.8269,0.7399,0.012,-0.0139,3034
30734,72,-269.2292,-226.2445,0.7387,0.0284,-0.0284,3033
30735,72,-271.5725,-223.6445,0.7378,0.0053,-0.0081,3032
30736,72,-276.5564,-223.4488,0.7392,2.2224,-1.331,3031
30737,72,-284.8618,-231.0273,0.7399,3.2106,-1.778,3031
30739,72,-277.1474,-228.727,0.7397,0.0461,-0.0567,3032
30740,72,-274.9293,-231.4384,0.739,0.2218,-0.2496,3033
30741,72,-233.6235,-229.3927,-3.9332,0.0518,-0.0409,910
30742,72,-293.4532,-238.8874,0.7422,3.7708,-0.9918,384
30743,72,-233.342,-239.6256,2.3506,3.1042,-1.9159,908
30744,72,-282.8895,-233.9645,0.7395,0.2773,-0.2522,3032
30745,72,-302.2065,-246.9162,0.7422,4.1265,-0.103,384
30746,72,-278.7058,-239.6233,0.7397,0.8414,-0.8724,3034
30747,72,-230.7539,-237.2727,2.3508,3.4978,-1.7463,909
30748,72,-225.816,-247.2352,2.3506,3.1384,-0.1293,908
30749,72,-227.6388,-235.4445,2.3508,0.9827,-0.3591,910
30750,72,-311.0111,-254.992,0.7422,4.2949,-0.2951,384
30717,73,-276.2195,-187.5064,2.3777,13.9923,1.9639,3865
30718,73,-261.3032,-223.7711,0.7385,0.0,0.0,3039
30719,73,-244.214,-218.6924,-3.929,0.0,0.0,914
30720,73,-267.7272,-200.523,2.3663,9.2798,1.2176,1438
30721,73,-258.6024,-205.2169,2.2149,9.0854,1.5532,3469
30722,73,-263.6594,-221.1842,0.735,0.0,0.0,3038
30723,73,-266.0175,-218.5964,0.7361,0.0,0.0,3037
30724,73,-258.5343,-211.275,2.1575,8.1415,1.9955,3467
30725,73,-291.32,-182.7334,2.3765,13.9199,2.2926,1441
30726,73,-272.0545,-201.2445,2.3591,7.9181,1.5112,1437
30727,73,-246.0844,-221.7653,-3.9326,0.0,0.0,913
30728,73,-241.1235,-231.7536,2.3508,2.5699,-1.2871,912
30729,73,-248.5781,-224.2225,2.3495,0.5586,-5.0424,912
30730,73,-239.2155,-228.7119,2.35,2.0469,-2.0547,913
30731,73,-238.93,-224.0212,-3.9327,0.0041,-0.0042,914
30732,73,-269.0348,-216.6109,0.7361,0.0,0.0,389
30733,73,-266.8645,-228.8261,0.7399,0.0109,-0.0112,3034
30734,73,-269.2273,-226.2427,0.7387,0.0252,-0.0341,3033
30735,73,-271.5721,-223.6441,0.7378,0.0048,-0.0065,3032
30736,73,-276.401,-223.307,0.7392,2.0615,-1.68,3031
30737,73,-284.6288,-230.8146,0.7399,3.1432,-0.4697,3031
30739,73,-277.1442,-228.724,0.7397,0.0429,-0.0232,3032
30740,73,-274.914,-231.4245,0.739,0.203,-0.1634,3033
30741,73,-233.6269,-229.3892,-3.9332,0.047,-0.062,910
30742,73,-293.1774,-238.6345,0.7422,3.7258,-0.6453,384
30743,73,-233.5591,-239.4062,2.3506,3.0693,-0.7013,908
30744,73,-282.8701,-233.9467,0.7395,0.2601,-0.1363,3032
30745,73,-301.905,-246.6396,0.7422,4.0924,0.0456,384
30746,73,-278.6465,-239.5693,0.7397,0.7846,-0.6807,3034
30747,73,-230.9936,-237.0305,2.3508,3.3869,-0.8084,909
30748,73,-226.0323,-247.0166,2.3506,3.0659,-0.382,908
30749,73,-227.7034,-235.3793,2.3508,0.9028,-0.5842,910
30750,73,-310.6958,-254.7027,0.7422,4.2888,0.4087,384
30717,74,-277.2416,-186.5271,2.3775,14.225,2.6947,3865
30718,74,-261.3032,-223.7711,0.7385,0.0,0.0,3039
30719,74,-244.214,-218.6924,-3.929,0.0,0.0,914
30720,74,-268.4009,-199.8673,2.3697,9.4461,1.863,1438
30721,74,-259.1684,-204.497,2.237,9.2198,1.3032,3469
30722,74,-263.6594,-221.1842,0.735,0.0,0.0,3038
30723,74,-266.0175,-218.5964,0.7361,0.0,0.0,3037
30724,74,-258.9908,-210.5923,2.1601,8.2487,1.347,3467
30725,74,-292.3379,-181.7561,2.3765,14.1792,2.6828,1441
30726,74,-272.6283,-200.6798,2.3641,8.0995,1.777,1437
30727,74,-246.0844,-221.7653,-3.9326,0.0,0.0,913
30728,74,-241.2938,-231.5814,2.3508,2.3747,-1.9081,912
30729,74,-248.5887,-224.2094,-3.933,0.0385,-5.1735,912
30730,74,-239.3511,-228.5746,2.35,1.8807,-1.976,913
30731,74,-238.9302,-224.0209,-3.9327,0.0037,-0.0046,914
30732,74,-269.0348,-216.6109,0.7361,0.0,0.0,389
30733,74,-266.8638,-228.8255,0.7399,0.0099,-0.0069,3034
30734,74,-269.2255,-226.2411,0.7387,0.0233,-0.0218,3033
30735,74,-271.5718,-223.6438,0.7378,0.0044,-0.0038,3032
30736,74,-276.255,-223.1739,0.7392,1.9417,-1.3391,3031
30737,74,-284.4027,-230.6081,0.7399,3.044,-0.7085,3031
30739,74,-277.1413,-228.7213,0.7397,0.0388,-0.0324,3032
30740,74,-274.8998,-231.4116,0.739,0.1861,-0.2022,3033
30741,74,-233.63,-229.3861,-3.9332,0.0435,-0.0326,910
30742,74,-292.9063,-238.3858,0.7422,3.6575,-0.8423,384
30743,74,-233.768,-239.195,2.3506,2.945,-1.0241,908
30744,74,-282.8522,-233.9304,0.7395,0.2383,-0.1375,3032
30745,74,-301.6075,-246.3667,0.7422,4.0374,0.0054,384
30746,74,-278.5913,-239.5189,0.7397,0.7329,-0.6086,3034
30747,74,-231.2263,-236.7953,2.3508,3.2893,-0.7856,909
30748,74,-226.2464,-246.8001,2.3506,3.0424,-0.0707,908
30749,74,-227.7626,-235.3194,2.3508,0.8276,-0.5811,910
30750,74,-310.3836,-254.4164,0.7422,4.2163,-0.7599,384
30717,75,-278.2806,-185.5317,2.3776,14.4296,1.6839,3865
30718,75,-261.3032,-223.7711,0.7385,0.0,0.0,3039
30719,75,-244.214,-218.6924,-3.929,0.0,0.0,914
30720,75,-269.0869,-199.2029,2.3721,9.5852,1.4973,1438
30721,75,-259.7614,-203.7799,2.2617,9.3609,1.1644,3469
30722,75,-263.6594,-221.1842,0.735,0.0,0.0,3038
30723,75,-266.0175,-218.5964,0.7361,0.0,0.0,3037
30724,75,-259.4682,-209.906,2.1785,8.4286,2.0845,3467
30725,75,-293.3725,-180.7626,2.3764,14.4108,2.6779,1441
30726,75,-273.217,-200.1048,2.368,8.2811,1.9241,1437
30727,75,-246.0844,-221.7653,-3.9326,0.0,0.0,913
30728,75,-241.4544,-231.4191,2.3508,2.2445,-1.5672,912
30729,75,-248.5887,-224.2094,-3.933,0.0,-0.0039,912
30730,75,-239.4767,-228.4474,2.35,1.7338,-2.126,913
30731,75,-238.9305,-224.0207,-3.9327,0.0033,-0.0038,914
30732,75,-269.0348,-216.6109,0.7361,0.0,0.0,389
30733,75,-266.8631,-228.8248,0.7399,0.0088,-0.0114,3034
30734,75,-269.2239,-226.2397,0.7387,0.0207,-0.0244,3033
30735,75,-271.5715,-223.6435,0.7378,0.004,-0.0043,3032
30736,75,-276.1188,-223.0498,0.7392,1.8193,-0.9361,3031
30737,75,-284.1837,-230.4081,0.74,2.9209,-1.7987,3031
30739,75,-277.1386,-228.7189,0.7397,0.0356,-0.0206,3032
30740,75,-274.8869,-231.3998,0.739,0.1707,-0.2004,3033
30741,75,-233.6328,-229.3832,-3.9332,0.0392,-0.0488,910
30742,75,-292.6411,-238.1426,0.7422,3.5929,-0.1864,384
30743,75,-233.9718,-238.9888,2.3506,2.863,-1.4613,908
30744,75,-282.8357,-233.9154,0.7395,0.2198,-0.1406,3032
30745,75,-301.3138,-246.0973,0.7422,3.9751,-0.3954,384
30746,75,-278.54,-239.4721,0.7397,0.6839,-0.4021,3034
30747,75,-231.4503,-236.5689,2.3508,3.1578,-1.0705,909
30748,75,-226.4576,-246.5865,2.3506,2.9938,-0.444,908
30749,75,-227.8171,-235.2643,2.3508,0.7596,-0.6201,910
30750,75,-310.0727,-254.1312,0.7422,4.1882,-1.2152,384
30717,76,-279.3367,-184.5214,2.3783,14.6524,2.1101,3865
30718,76,-261.3032,-223.7711,0.7385,0.0,0.0,3039
30719,76,-244.214,-218.6924,-3.929,0.0,0.0,914
30720,76,-269.7832,-198.5308,2.3739,9.7215,1.6609,1438
30721,76,-260.3801,-203.0708,2.2881,9.4772,0.9218,3469
30722,76,-263.6594,-221.1842,0.735,0.0,0.0,3038
30723,76,-266.0175,-218.5964,0.7361,0.0,0.0,3037
30724,76,-259.9641,-209.214,2.1925,8.5376,0.6334,3467
30725,76,-294.4235,-179.7534,2.3764,14.635,2.5303,1441
30726,76,-273.8188,-199.5206,2.3709,8.4334,1.7336,1437
30727,76,-246.0844,-221.7653,-3.9326,0.0,0.0,913
30728,76,-241.6041,-231.2679,2.3509,2.1004,-1.1128,912
30729,76,-248.5887,-224.2094,-3.933,0.0,0.0,912
30730,76,-239.593,-228.3296,2.35,1.6105,-1.8193,913
30731,76,-238.9307,-224.0205,-3.9327,0.003,-0.0033,914
30732,76,-269.0348,-216.6109,0.7361,0.0,0.0,389
30733,76,-266.8625,-228.8243,0.7399,0.0081,-0.0079,3034
30734,76,-269.2225,-226.2384,0.7387,0.019,-0.0184,3033
30735,76,-271.5712,-223.6433,0.7378,0.0036,-0.0024,3032
30736,76,-275.9928,-222.9349,0.7392,1.6636,-1.6633,3031
30737,76,-283.9737,-230.2164,0.74,2.8245,-0.723,3031
30739,76,-277.1362,-228.7167,0.7397,0.0321,-0.0314,3032
30740,76,-274.8751,-231.3891,0.739,0.1561,-0.1124,3033
30741,76,-233.6354,-229.3806,-3.9332,0.0355,-0.0355,910
30742,76,-292.383,-237.9058,0.7422,3.4824,-0.8118,384
30743,76,-234.1696,-238.7889,2.3506,2.7988,-0.5403,908
30744,76,-282.8206,-233.9016,0.7395,0.2017,-0.1149,3032
30745,76,-301.0234,-245.831,0.7422,3.9353,-0.1747,384
30746,76,-278.4923,-239.4286,0.7396,0.6315,-0.5526,3034
30747,76,-231.6673,-236.3495,2.3508,3.055,-1.212,909
30748,76,-226.6672,-246.3747,2.3506,2.9751,-0.1842,908
30749,76,-227.867,-235.2139,2.3508,0.6884,-0.8304,910
30750,76,-309.7646,-253.8486,0.7422,4.1896,0.3441,384
30717,77,-280.4068,-183.4984,2.3787,14.8592,2.7273,3865
30718,77,-261.3032,-223.7711,0.7385,0.0,0.0,3039
30719,77,-244.214,-218.6924,-3.929,0.0,0.0,914
30720,77,-270.4888,-197.8511,2.3748,9.8366,1.0251,1438
30721,77,-261.024,-202.361,2.3075,9.6439,1.7108,3469
30722,77,-263.6594,-221.1842,0.735,0.0,0.0,3038
30723,77,-266.0175,-218.5964,0.7361,0.0,0.0,3037
30724,77,-260.4755,-208.516,2.2031,8.6852,1.1217,3467
30725,77,-295.481,-178.7379,2.3764,14.6441,-0.6531,1441
30726,77,-274.4352,-198.9245,2.3729,8.6117,1.4275,1437
30727,77,-246.0844,-221.7653,-3.9326,0.0,0.0,913
30728,77,-241.7418,-231.1287,2.3509,1.9312,-1.1008,912
30729,77,-248.5887,-224.2094,-3.933,0.0,0.0,912
30730,77,-239.7006,-228.2207,2.35,1.5083,-0.9071,913
30731,77,-238.9309,-224.0203,-3.9327,0.0027,-0.0037,914
30732,77,-269.0348,-216.6109,0.7361,0.0,0.0,389
30733,77,-266.862,-228.8238,0.7399,0.0073,-0.0041,3034
30734,77,-269.2212,-226.2372,0.7387,0.017,-0.0141,3033
30735,77,-271.571,-223.6431,0.7378,0.0032,-0.0032,3032
30736,77,-275.8752,-222.8276,0.7392,1.5579,-1.3954,3031
30737,77,-283.7688,-230.0293,0.74,2.7578,-0.683,3031
30739,77,-277.1339,-228.7146,0.7397,0.0296,-0.0301,3032
30740,77,-274.8643,-231.3792,0.739,0.142,-0.1699,3033
30741,77,-233.6377,-229.3782,-3.9332,0.0323,-0.045,910
30742,77,-292.1282,-237.6721,0.7422,3.4528,-0.1665,384
30743,77,-234.3634,-238.5929,2.3506,2.738,-0.703,908
30744,77,-282.8066,-233.8888,0.7395,0.1848,-0.1746,3032
30745,77,-300.7393,-245.5704,0.7422,3.8531,-0.0451,384
30746,77,-278.4487,-239.3887,0.7396,0.5807,-0.4055,3034
30747,77,-231.8752,-236.1394,2.3508,2.9306,-0.9967,909
30748,77,-226.873,-246.1665,2.3506,2.9234,-0.1717,908
30749,77,-227.9133,-235.1671,2.3508,0.6444,-0.5414,910
30750,77,-309.4586,-253.5679,0.7422,4.1268,-1.0119,384
30717,78,-281.4924,-182.4591,2.3779,15.0722,1.79,1443
30718,78,-261.3032,-223.7711,0.7385,0.0,0.0,3039
30719,78,-244.214,-218.6924,-3.929,0.0,0.0,914
30720,78,-271.2029,-197.1642,2.3755,9.9486,1.0851,1438
30721,78,-261.687,-201.6507,2.3217,9.7472,0.9133,3469
30722,78,-263.6594,-221.1842,0.735,0.0,0.0,3038
30723,78,-266.0175,-218.5964,0.7361,0.0,0.0,3037
30724,78,-260.9988,-207.8135,2.211,8.7863,0.9985,3467
30725,78,-296.5387,-177.7221,2.3764,14.6635,-0.0892,1441
30726,78,-275.0625,-198.3193,2.374,8.7533,1.4985,3863
30727,78,-246.0844,-221.7653,-3.9326,0.0,0.0,913
30728,78,-241.8706,-230.9985,2.3509,1.8108,-0.8484,912
30729,78,-248.5887,-224.2094,-3.933,0.0,0.0,912
30730,78,-239.7992,-228.1209,2.35,1.3768,-1.0546,913
30731,78,-238.9311,-224.0201,-3.9327,0.0024,-0.0017,914
30732,78,-269.0348,-216.6109,0.7361,0.0,0.0,389
30733,78,-266.8615,-228.8233,0.7399,0.0065,-0.0066,3034
30734,78,-269.22,-226.2361,0.7387,0.0155,-0.0108,3033
30735,78,-271.5708,-223.6429,0.7378,0.0029,-0.0033,3032
30736,78,-275.7674,-222.7294,0.7391,1.4293,-1.2601,3031
30737,78,-283.5717,-229.8493,0.74,2.6624,-0.2604,3031
30739,78,-277.1319,-228.7128,0.7397,0.0271,-0.0224,3032
30740,78,-274.8545,-231.3703,0.739,0.1309,-0.0902,3033
30741,78,-233.6399,-229.3761,-3.9332,0.0294,-0.0428,910
30742,78,-291.879,-237.4435,0.7422,3.352,-1.1787,384
30743,78,-234.55,-238.4042,2.3506,2.6319,-0.8953,908
30744,78,-282.7939,-233.8771,0.7395,0.1695,-0.1411,3032
30745,78,-300.4583,-245.3126,0.7422,3.7932,-0.8184,384
30746,78,-278.4079,-239.3515,0.7396,0.5388,-0.5312,3034
30747,78,-232.0762,-235.9363,2.3508,2.8298,-1.0745,909
30748,78,-227.0781,-245.9592,2.3506,2.9036,-0.481,908
30749,78,-227.9553,-235.1246,2.3508,0.5806,-0.6732,910
30750,78,-309.1561,-253.2905,0.7422,4.1028,-0.0413,384
30717,79,-282.585,-181.412,2.3774,15.1235,-0.3731,1443
30718,79,-261.3032,-223.7711,0.7385,0.0,0.0,3039
30719,79,-244.214,-218.6924,-3.929,0.0,0.0,914
30720,79,-271.927,-196.4684,2.3761,10.0785,1.0146,1438
30721,79,-262.3675,-200.9387,2.3336,9.8949,1.6051,3469
30722,79,-263.6594,-221.1842,0.735,0.0,0.0,3038
30723,79,-266.0175,-218.5964,0.7361,0.0,0.0,3037
30724,79,-261.5428,-207.1093,2.2285,8.9616,1.5802,3467
30725,79,-297.597,-176.7059,2.3764,14.6451,-1.0817,1441
30726,79,-275.7018,-197.7034,2.3749,8.9182,1.6889,3863
30727,79,-246.0844,-221.7653,-3.9326,0.0,0.0,913
30728,79,-241.9897,-230.8782,2.3509,1.6573,-1.4532,912
30729,79,-248.5887,-224.2094,-3.933,0.0,0.0,912
30730,79,-239.8898,-228.0291,2.35,1.2707,-0.7787,913
30731,79,-238.9312,-224.0199,-3.9327,0.0022,-0.0031,914
30732,79,-269.0348,-216.6109,0.7361,0.0,0.0,389
30733,79,-266.861,-228.8229,0.7399,0.0059,-0.0056,3034
30734,79,-269.219,-226.2352,0.7387,0.0138,-0.0163,3033
30735,79,-271.5706,-223.6427,0.7378,0.0026,-0.0023,3032
30736,79,-275.6667,-222.6376,0.7391,1.3343,-1.2203,3031
30737,79,-283.3824,-229.6764,0.74,2.5455,-0.7272,3031
30739,79,-277.13,-228.7111,0.7397,0.0249,-0.0154,3032
30740,79,-274.8454,-231.3619,0.739,0.1204,-0.1136,3033
30741,79,-233.6418,-229.3741,-3.9332,0.0268,-0.0272,910
30742,79,-291.6364,-237.2211,0.7422,3.2773,-0.5403,384
30743,79,-234.7306,-238.2216,2.3506,2.5425,-1.0384,908
30744,79,-282.7822,-233.8665,0.7395,0.1545,-0.1125,3032
30745,79,-300.1797,-245.0571,0.7422,3.7643,-0.6055,384
30746,79,-278.3705,-239.3173,0.7396,0.4985,-0.3125,3034
30747,79,-232.269,-235.7414,2.3508,2.7145,-1.0846,909
30748,79,-227.2777,-245.7574,2.3506,2.8239,-0.5944,908
30749,79,-227.9939,-235.0857,2.3508,0.5407,-0.2982,910
30750,79,-308.8543,-253.0136,0.7422,4.0861,-0.3588,384
30717,80,-283.6788,-180.363,2.3771,15.1565,0.103,1443
30718,80,-261.3032,-223.7711,0.7385,0.0,0.0,3039
30719,80,-244.214,-218.6924,-3.929,0.0,0.0,914
30720,80,-272.663,-195.7622,2.3768,10.2341,1.4177,3864
30721,80,-263.0659,-200.2246,2.345,10.0386,1.7559,1439
30722,80,-263.6594,-221.1842,0.735,0.0,0.0,3038
30723,80,-266.0175,-218.5964,0.7361,0.0,0.0,3037
30724,80,-262.1122,-206.4107,2.2546,9.0626,0.767,3467
30725,80,-298.6548,-175.69,2.3764,14.6454,-0.8577,1441
30726,80,-276.3538,-197.0762,2.3755,9.0835,1.486,3863
30727,80,-246.0844,-221.7653,-3.9326,0.0,0.0,913
30728,80,-242.1011,-230.7657,2.351,1.5432,-1.6045,912
30729,80,-248.5887,-224.2094,-3.933,0.0,0.0,912
30730,80,-239.9732,-227.9448,2.35,1.1694,-0.6683,913
30731,80,-238.9314,-224.0198,-3.9327,0.002,-0.0021,914
30732,80,-269.0348,-216.6109,0.7361,0.0,0.0,389
30733,80,-266.8606,-228.8225,0.7399,0.0053,-0.007,3034
30734,80,-269.218,-226.2343,0.7387,0.0125,-0.012,3033
30735,80,-271.5704,-223.6425,0.7378,0.0024,-0.0026,3032
30736,80,-275.5735,-222.5526,0.7391,1.2418,-0.8565,3031
30737,80,-283.2016,-229.5114,0.74,2.435,-0.5216,3031
30739,80,-277.1283,-228.7095,0.7397,0.0225,-0.0214,3032
30740,80,-274.8371,-231.3544,0.739,0.109,-0.0993,3033
30741,80,-233.6436,-229.3723,-3.9332,0.0248,-0.0239,910
30742,80,-291.3981,-237.0025,0.7422,3.2027,-1.2121,384
30743,80,-234.9067,-238.0436,2.3506,2.4847,-0.7695,908
30744,80,-282.7715,-233.8567,0.7395,0.1414,-0.1544,3032
30745,80,-299.9055,-244.8056,0.7422,3.6979,-0.8939,384
30746,80,-278.3356,-239.2854,0.7395,0.4643,-0.3511,3034
30747,80,-232.4539,-235.5545,2.3508,2.5925,-1.4609,909
30748,80,-227.4755,-245.5574,2.3506,2.8098,-0.1332,908
30749,80,-228.0288,-235.0503,-3.9323,0.4863,-0.4338,910
30750,80,-308.5562,-252.7402,0.7422,4.0384,-0.2351,384
30717,81,-284.7739,-179.3125,2.3769,15.1719,-0.0787,1443
30718,81,-261.3032,-223.7711,0.7385,0.0,0.0,3039
30719,81,-244.214,-218.6924,-3.929,0.0,0.0,914
30720,81,-273.4102,-195.0458,2.3772,10.3883,1.5007,3864
30721,81,-263.7824,-199.5054,2.3543,10.1993,1.7573,1439
30722,81,-263.6594,-221.1842,0.735,0.0,0.0,3038
30723,81,-266.0175,-218.5964,0.7361,0.0,0.0,3037
30724,81,-262.7135,-205.7105,2.2803,9.2342,1.2802,3467
30725,81,-299.7129,-174.6739,2.3764,14.6432,-1.0581,1441
30726,81,-277.0195,-196.4363,2.3759,9.2816,1.9484,3863
30727,81,-246.0844,-221.7653,-3.9326,0.0,0.0,913
30728,81,-242.2049,-230.6608,2.351,1.4517,-0.967,912
30729,81,-248.5887,-224.2094,-3.933,0.0,0.0,912
30730,81,-240.0491,-227.8679,2.35,1.0612,-0.7939,913
30731,81,-238.9315,-224.0196,-3.9327,0.0018,-0.0019,914
30732,81,-269.0348,-216.6109,0.7361,0.0,0.0,389
30733,81,-266.8602,-228.8222,0.7399,0.0049,-0.003,3034
30734,81,-269.2172,-226.2335,0.7387,0.0113,-0.0104,3033
30735,81,-271.5702,-223.6424,0.7378,0.0021,-0.0029,3032
30736,81,-275.4877,-222.4745,0.739,1.1377,-0.9416,3031
30737,81,-283.0261,-229.3512,0.74,2.3559,-0.7908,3031
30739,81,-277.1268,-228.7081,0.7397,0.0207,-0.0144,3032
30740,81,-274.8295,-231.3475,0.739,0.1013,-0.0857,3033
30741,81,-233.6452,-229.3707,-3.9332,0.0224,-0.0268,910
30742,81,-291.1651,-236.7887,0.7422,3.1353,-1.0832,384
30743,81,-235.0742,-237.8742,2.3506,2.3676,-0.6126,908
30744,81,-282.7617,-233.8478,0.7395,0.1303,-0.1113,3032
30745,81,-299.6346,-244.5572,0.7422,3.6614,-0.5486,384
30746,81,-278.3035,-239.2561,0.7395,0.4259,-0.3401,3034
30747,81,-232.6332,-235.3733,2.3508,2.515,-1.3732,909
30748,81,-227.6696,-245.3611,2.3506,2.7629,0.0708,908
30749,81,-228.0613,-235.0175,-3.9323,0.4524,-0.3981,910
30750,81,-308.2605,-252.469,0.7422,3.9983,-0.5499,384
30717,82,-285.8655,-178.265,2.3768,15.1289,0.0404,1443
30718,82,-261.3032,-223.7711,0.7385,0.0,0.0,3039
30719,82,-244.214,-218.6924,-3.929,0.0,0.0,914
30720,82,-274.1671,-194.3206,2.3776,10.5225,1.677,3864
30721,82,-264.5131,-198.7814,2.3607,10.3294,1.6352,1439
30722,82,-263.6594,-221.1842,0.735,0.0,0.0,3038
30723,82,-266.0175,-218.5964,0.7361,0.0,0.0,3037
30724,82,-263.3342,-205.0177,2.3013,9.3363,0.6182,3467
30725,82,-300.7718,-173.657,2.3764,14.6573,-0.9838,1441
30726,82,-277.6986,-195.784,2.3763,9.4687,2.147,3863
30727,82,-246.0844,-221.7653,-3.9326,0.0,0.0,913
30728,82,-242.3003,-230.5644,2.351,1.3372,-0.7785,912
30729,82,-248.5887,-224.2094,-3.933,0.0,0.0,912
30730,82,-240.1189,-227.7972,2.35,0.9623,-1.2343,913
30731,82,-238.9316,-224.0195,-3.9327,0.0016,-0.0021,914
30732,82,-269.0348,-216.6109,0.7361,0.0,0.0,389
30733,82,-266.8599,-228.8219,0.7399,0.0043,-0.0059,3034
30734,82,-269.2164,-226.2328,0.7387,0.0101,-0.0129,3033
30735,82,-271.5701,-223.6422,0.7378,0.0019,-0.0028,3032
30736,82,-275.4092,-222.4028,0.739,1.0411,-0.9522,3031
30737,82,-282.8593,-229.1988,0.74,2.2277,-1.2833,3031
30739,82,-277.1253,-228.7068,0.7397,0.019,-0.0199,3032
30740,82,-274.8225,-231.3412,0.739,0.0905,-0.1231,3033
30741,82,-233.6467,-229.3692,-3.9332,0.0204,-0.0241,910
30742,82,-290.9368,-236.5793,0.7422,3.0763,-0.8538,384
30743,82,-235.2369,-237.7097,2.3506,2.2815,-1.29,908
30744,82,-282.7526,-233.8395,0.7395,0.1206,-0.0799,3032
30745,82,-299.367,-244.3117,0.7422,3.625,-0.2607,384
30746,82,-278.2742,-239.2293,0.7395,0.3881,-0.353,3034
30747,82,-232.8036,-235.2012,2.3508,2.4013,-0.8073,909
30748,82,-227.8599,-245.1687,2.3506,2.7034,-0.1039,908
30749,82,-228.0912,-234.9873,-3.9323,0.4132,-0.4303,910
30750,82,-307.9682,-252.2009,0.7422,3.9315,-1.3724,384
30717,83,-286.9587,-177.216,2.3767,15.129,-0.8357,1443
30718,83,-261.3032,-223.7711,0.7385,0.0,0.0,3039
30719,83,-244.214,-218.6924,-3.929,0.0,0.0,914
30720,83,-274.936,-193.5844,2.3778,10.6847,1.6142,3864
30721,83,-265.2563,-198.0511,2.3649,10.4483,1.143,1439
30722,83,-263.6594,-221.1842,0.735,0.0,0.0,3038
30723,83,-266.0175,-218.5964,0.7361,0.0,0.0,3037
30724,83,-263.9753,-204.322,2.3154,9.499,1.3085,3467
30725,83,-301.8312,-172.6396,2.3764,14.7032,0.6059,1441
30726,83,-278.3905,-195.1197,2.3765,9.623,1.2891,3863
30727,83,-246.0844,-221.7653,-3.9326,0.0,0.0,913
30728,83,-242.388,-230.4758,2.351,1.2097,-1.4833,912
30729,83,-248.5887,-224.2094,-3.933,0.0,0.0,912
30730,83,-240.1832,-227.7321,2.35,0.8926,-0.8804,913
30731,83,-238.9317,-224.0194,-3.9327,0.0014,-0.0011,914
30732,83,-269.0348,-216.6109,0.7361,0.0,0.0,389
30733,83,-266.8596,-228.8216,0.7399,0.0039,-0.004,3034
30734,83,-269.2157,-226.2322,0.7387,0.0093,-0.0097,3033
30735,83,-271.5699,-223.6421,0.7378,0.0017,-0.0018,3032
30736,83,-275.3362,-222.3363,0.739,0.9702,-0.7364,3031
30737,83,-282.6989,-229.0524,0.74,2.1288,-1.6904,3031
30739,83,-277.124,-228.7056,0.7397,0.0171,-0.0153,3032
30740,83,-274.8163,-231.3354,0.739,0.0831,-0.0748,3033
30741,83,-233.648,-229.3678,-3.9332,0.0185,-0.0221,910
30742,83,-290.7161,-236.377,0.7422,2.9776,-0.6357,384
30743,83,-235.394,-237.5508,2.3506,2.2069,-1.098,908
30744,83,-282.7442,-233.8318,0.7395,0.1111,-0.1161,3032
30745,83,-299.1058,-244.0721,0.7422,3.5286,-0.5978,384
30746,83,-278.2469,-239.2044,0.7395,0.3613,-0.3477,3034
30747,83,-232.9671,-235.0358,2.3508,2.3172,-0.3285,909
30748,83,-228.0476,-244.9788,2.3506,2.6768,0.2823,908
30749,83,-228.1181,-234.9601,-3.9323,0.3755,-0.2937,910
30750,83,-307.6789,-251.9356,0.7422,3.9215,-0.1589,384
30717,84,-288.0524,-176.1663,2.3767,15.1714,0.5291,1443
30718,84,-261.3032,-223.7711,0.7385,0.0,0.0,3039
30719,84,-244.214,-218.6924,-3.929,0.0,0.0,914
30720,84,-275.7164,-192.8373,2.378,10.8401,1.5366,3864
30721,84,-266.0119,-197.3129,2.3678,10.598,1.3971,1439
30722,84,-263.6594,-221.1842,0.735,0.0,0.0,3038
30723,84,-266.0175,-218.5964,0.7361,0.0,0.0,3037
30724,84,-264.6358,-203.6243,2.3287,9.6424,1.1735,3467
30725,84,-302.8908,-171.6221,2.3764,14.7015,0.4191,1441
30726,84,-279.0932,-194.4457,2.3769,9.7834,1.9318,3863
30727,84,-246.0844,-221.7653,-3.9326,0.0,0.0,913
30728,84,-242.4685,-230.3944,2.351,1.1265,-0.7541,912
30729,84,-248.5887,-224.2094,-3.933,0.0,0.0,912
30730,84,-240.2408,-227.6738,2.35,0.8072,-0.5241,913
30731,84,-238.9318,-224.0193,-3.9327,0.0013,-0.0009,914
30732,84,-269.0348,-216.6109,0.7361,0.0,0.0,389
30733,84,-266.8593,-228.8214,0.7399,0.0036,-0.0033,3034
30734,84,-269.215,-226.2316,0.7387,0.0083,-0.0102,3033
30735,84,-271.5698,-223.642,0.7378,0.0015,-0.0019,3032
30736,84,-275.2689,-222.275,0.739,0.8904,-0.84,3031
30737,84,-282.5442,-228.9111,0.74,2.0676,-1.0753,3031
30739,84,-277.1228,-228.7045,0.7397,0.0158,-0.0162,3032
30740,84,-274.8105,-231.3302,0.739,0.0767,-0.0603,3033
30741,84,-233.6493,-229.3666,-3.9332,0.017,-0.0195,910
30742,84,-290.5022,-236.1807,0.7422,2.8977,-0.2105,384
30743,84,-235.5442,-237.399,2.3506,2.1346,-0.0458,908
30744,84,-282.7365,-233.8248,0.7395,0.1021,-0.0955,3032
30745,84,-298.8479,-243.8356,0.7422,3.4772,-0.8925,384
30746,84,-278.2218,-239.1815,0.7395,0.331,-0.3169,3034
30747,84,-233.1233,-234.878,2.3508,2.178,-1.6974,909
30748,84,-228.2313,-244.7931,2.3506,2.5891,-0.9319,908
30749,84,-228.1429,-234.935,-3.9323,0.3444,-0.3296,910
30750,84,-307.3935,-251.6737,0.7422,3.8498,-0.9264,384
30717,85,-289.1445,-175.1181,2.3766,15.1333,-0.1203,1443
30718,85,-261.3032,-223.7711,0.7385,0.0,0.0,3039
30719,85,-244.214,-218.6924,-3.929,0.0,0.0,914
30720,85,-276.5071,-192.0803,2.3779,10.9776,1.2684,3864
30721,85,-266.7793,-196.5664,2.3699,10.7469,1.6076,1439
30722,85,-263.6594,-221.1842,0.735,0.0,0.0,3038
30723,85,-266.0175,-218.5964,0.7361,0.0,0.0,3037
30724,85,-265.3157,-202.9229,2.3406,9.8248,2.0738,1438
30725,85,-303.9492,-170.6056,2.3764,14.7012,1.0754,1441
30726,85,-279.8074,-193.7611,2.3773,9.9428,2.019,3863
30727,85,-246.0844,-221.7653,-3.9326,0.0,0.0,913
30728,85,-242.5433,-230.3189,2.351,1.0475,-0.6097,912
30729,85,-248.5887,-224.2094,-3.933,0.0,0.0,912
30730,85,-240.2939,-227.6201,2.35,0.7387,-0.6685,913
30731,85,-238.9319,-224.0192,-3.9327,0.0012,-0.0015,914
30732,85,-269.0348,-216.6109,0.7361,0.0,0.0,389
30733,85,-266.8591,-228.8212,0.7399,0.0032,-0.0024,3034
30734,85,-269.2145,-226.2311,0.7387,0.0075,-0.0078,3033
30735,85,-271.5697,-223.6419,0.7378,0.0014,-0.0019,3032
30736,85,-275.2084,-222.2199,0.739,0.8008,-0.7512,3031
30737,85,-282.3969,-228.7766,0.74,1.9891,-0.2253,3031
30739,85,-277.1217,-228.7035,0.7397,0.0144,-0.0091,3032
30740,85,-274.8052,-231.3253,0.739,0.0695,-0.0753,3033
30741,85,-233.6504,-229.3654,-3.9332,0.0156,-0.0093,910
30742,85,-290.2928,-235.9887,0.7422,2.8145,-1.0488,384
30743,85,-235.6892,-237.2524,2.3506,2.0305,-1.2359,908
30744,85,-282.7294,-233.8183,0.7395,0.0942,-0.0844,3032
30745,85,-298.5953,-243.6038,0.7422,3.3902,-1.4928,384
30746,85,-278.1986,-239.1603,0.7395,0.31,-0.1684,3034
30747,85,-233.2717,-234.728,2.3508,2.0754,-1.3757,909
30748,85,-228.4118,-244.6106,2.3506,2.5629,-0.1538,908
30749,85,-228.1653,-234.9124,-3.9323,0.3144,-0.1479,910
30750,85,-307.1111,-251.4147,0.7422,3.8355,0.1588,384
30717,86,-290.2392,-174.0672,2.3766,15.1742,0.0043,1443
30718,86,-261.3032,-223.7711,0.7385,0.0,0.0,3039
30719,86,-244.214,-218.6924,-3.929,0.0,0.0,914
30720,86,-277.3074,-191.3138,2.3777,11.1128,1.3,3864
30721,86,-267.5579,-195.8117,2.3718,10.8952,1.8004,1439
30722,86,-263.6594,-221.1842,0.735,0.0,0.0,3038
30723,86,-266.0175,-218.5964,0.7361,0.0,0.0,3037
30724,86,-266.0128,-202.2187,2.3511,9.9281,0.6607,1438
30725,86,-305.0089,-169.588,2.3764,14.7092,0.6588,1441
30726,86,-280.535,-193.0642,2.3776,10.1105,1.4597,3863
30727,86,-246.0844,-221.7653,-3.9326,0.0,0.0,913
30728,86,-242.6125,-230.249,2.351,0.9591,-0.9904,912
30729,86,-248.5887,-224.2094,-3.933,0.0,0.0,912
30730,86,-240.342,-227.5714,2.35,0.6653,-0.7304,913
30731,86,-238.932,-224.0192,-3.9327,0.0011,-0.0011,914
30732,86,-269.0348,-216.6109,0.7361,0.0,0.0,389
30733,86,-266.8589,-228.821,0.7399,0.0029,-0.003,3034
30734,86,-269.214,-226.2306,0.7387,0.0068,-0.005,3033
30735,86,-271.5696,-223.6418,0.7378,0.0013,-0.0017,3032
30736,86,-275.1526,-222.1691,0.7389,0.7386,-0.69,3031
30737,86,-282.2565,-228.6484,0.74,1.8892,-0.498,3031
30739,86,-277.1208,-228.7026,0.7397,0.013,-0.0107,3032
30740,86,-274.8004,-231.3209,0.739,0.0632,-0.0877,3033
30741,86,-233.6514,-229.3644,-3.9332,0.0142,-0.01,910
30742,86,-290.0897,-235.8024,0.7421,2.7219,-1.4144,384
30743,86,-235.8268,-237.1132,2.3506,1.9407,-0.6588,908
30744,86,-282.7229,-233.8123,0.7395,0.0859,-0.0702,3032
30745,86,-298.3482,-243.3772,0.7422,3.3288,-0.9301,384
30746,86,-278.1773,-239.1409,0.7395,0.2821,-0.2412,3034
30747,86,-233.4133,-234.5849,2.3508,1.9875,-1.0289,909
30748,86,-228.5869,-244.4336,2.3506,2.4723,-0.6922,908
30749,86,-228.1858,-234.8917,-3.9323,0.2877,-0.1464,910
30750,86,-306.8322,-251.1589,0.7422,3.7631,-0.8259,384
30717,87,-291.3327,-173.0176,2.3766,15.1387,-0.6957,1443
30718,87,-261.3032,-223.7711,0.7385,0.0,0.0,3039
30719,87,-244.214,-218.6924,-3.929,0.0,0.0,914
30720,87,-278.1171,-190.538,2.3775,11.2404,1.1653,3864
30721,87,-268.347,-195.0495,2.3735,11.0099,0.9559,1439
30722,87,-263.6594,-221.1842,0.735,0.0,0.0,3038
30723,87,-266.0175,-218.5964,0.7361,0.0,0.0,3037
30724,87,-266.7253,-201.5093,2.3583,10.0849,1.2278,1438
30725,87,-306.0697,-168.5692,2.3764,14.7121,0.1636,1441
30726,87,-281.2762,-192.3545,2.3778,10.3144,2.1672,3863
30727,87,-246.0844,-221.7653,-3.9326,0.0,0.0,913
30728,87,-242.6757,-230.1851,2.351,0.872,-1.0766,912
30729,87,-248.5887,-224.2094,-3.933,0.0,0.0,912
30730,87,-240.3859,-227.5269,2.35,0.6144,-0.432,913
30731,87,-238.9321,-224.0191,-3.9327,0.0009,-0.0008,914
30732,87,-269.0348,-216.6109,0.7361,0.0,0.0,389
30733,87,-266.8587,-228.8208,0.7399,0.0026,-0.0029,3034
30734,87,-269.2135,-226.2302,0.7387,0.0061,-0.0078,3033
30735,87,-271.5695,-223.6417,0.7378,0.0011,-0.0011,3032
30736,87,-275.101,-222.1221,0.7389,0.6846,-0.5722,3031
30737,87,-282.123,-228.5264,0.74,1.7824,-1.0194,3031
30739,87,-277.1198,-228.7018,0.7397,0.0119,-0.0137,3032
30740,87,-274.796,-231.3169,0.739,0.0578,-0.0668,3033
30741,87,-233.6523,-229.3635,-3.9332,0.0129,-0.0088,910
30742,87,-289.8915,-235.6208,0.7417,2.6573,-1.3602,384
30743,87,-235.9612,-236.9773,2.3506,1.8879,-0.9381,908
30744,87,-282.717,-233.8069,0.7395,0.0776,-0.1031,3032
30745,87,-298.1039,-243.1532,0.7422,3.3007,-0.5494,384
30746,87,-278.1576,-239.123,0.7395,0.2616,-0.1833,3034
30747,87,-233.5494,-234.4474,2.3508,1.9167,-0.7003,909
30748,87,-228.76,-244.2586,2.3506,2.4507,-0.4397,908
30749,87,-228.2044,-234.8729,-3.9323,0.2596,-0.2184,910
30750,87,-306.5566,-250.9061,0.7422,3.7298,-0.3864,384
30717,88,-292.4246,-171.9695,2.3766,15.126,-0.309,1443
30718,88,-261.3032,-223.7711,0.7385,0.0,0.0,3039
30719,88,-244.214,-218.6924,-3.929,0.0,0.0,914
30720,88,-278.9364,-189.7528,2.3774,11.3868,1.5885,3864
30721,88,-269.1458,-194.2798,2.3747,11.1528,1.7646,1439
30722,88,-263.6594,-221.1842,0.735,0.0,0.0,3038
30723,88,-266.0175,-218.5964,0.7361,0.0,0.0,3037
30724,88,-267.4512,-200.7947,2.364,10.2277,1.6793,1438
30725,88,-307.1281,-167.5527,2.3764,14.6863,0.4513,1441
30726,88,-282.0291,-191.6338,2.378,10.4512,1.2063,3863
30727,88,-246.0844,-221.7653,-3.9326,0.0,0.0,913
30728,88,-242.7336,-230.1266,2.3511,0.8086,-0.5954,912
30729,88,-248.5887,-224.2094,-3.933,0.0,0.0,912
30730,88,-240.4257,-227.4866,2.35,0.5484,-0.75,913
30731,88,-238.9321,-224.019,-3.9327,0.0008,-0.0011,914
30732,88,-269.0348,-216.6109,0.7361,0.0,0.0,389
30733,88,-266.8585,-228.8206,0.7399,0.0024,-0.0018,3034
30734,88,-269.2131,-226.2298,0.7387,0.0055,-0.0054,3033
30735,88,-271.5694,-223.6417,0.7378,0.001,-0.0007,3032
30736,88,-275.054,-222.0792,0.7389,0.6172,-0.8067,3031
30737,88,-281.9956,-228.4101,0.74,1.6831,-1.6479,3031
30739,88,-277.119,-228.701,0.7397,0.011,-0.0063,3032
30740,88,-274.7919,-231.3132,0.739,0.053,-0.0673,3033
30741,88,-233.6532,-229.3626,-3.9332,0.0117,-0.0127,910
30742,88,-289.6979,-235.4435,0.7414,2.6104,-0.7752,384
30743,88,-236.0882,-236.849,2.3506,1.7765,-1.1575,908
30744,88,-282.7115,-233.802,0.7395,0.0721,-0.0662,3032
30745,88,-297.8652,-242.9342,0.7422,3.2046,-1.3885,384
30746,88,-278.1397,-239.1066,0.7395,0.2352,-0.2858,3034
30747,88,-233.6785,-234.3169,2.3508,1.8236,-0.4745,909
30748,88,-228.9283,-244.0884,2.3506,2.4006,0.2797,908
30749,88,-228.2214,-234.8557,-3.9323,0.2376,-0.1725,910
30750,88,-306.2845,-250.6565,0.7422,3.6632,-1.1617,384
30717,89,-293.5184,-170.9196,2.3766,15.1657,0.2201,1443
30718,89,-261.3032,-223.7711,0.7385,0.0,0.0,3039
30719,89,-244.214,-218.6924,-3.929,0.0,0.0,914
30720,89,-279.7675,-188.9563,2.3773,11.5555,1.7969,3864
30721,89,-269.9555,-193.5016,2.376,11.2671,1.2634,1439
30722,89,-263.6594,-221.1842,0.735,0.0,0.0,3038
30723,89,-266.0175,-218.5964,0.7361,0.0,0.0,3037
30724,89,-268.1893,-200.0744,2.3683,10.3548,1.7179,1438
30725,89,-308.1874,-166.5355,2.3764,14.665,-0.8805,1441
30726,89,-282.7913,-190.9044,2.3781,10.5918,1.7201,3863
30727,89,-246.0844,-221.7653,-3.9326,0.0,0.0,913
30728,89,-242.7865,-230.0731,2.3511,0.7287,-0.9494,912
30729,89,-248.5887,-224.2094,-3.933,0.0,0.0,912
30730,89,-240.4621,-227.4498,2.35,0.5017,-0.6024,913
30731,89,-238.9322,-224.019,-3.9327,0.0008,-0.0011,914
30732,89,-269.0348,-216.6109,0.7361,0.0,0.0,389
30733,89,-266.8583,-228.8205,0.7399,0.0021,-0.0027,3034
30734,89,-269.2127,-226.2295,0.7387,0.0051,-0.0045,3033
30735,89,-271.5693,-223.6416,0.7378,0.0009,-0.0008,3032
30736,89,-275.0107,-222.0397,0.7389,0.5707,-0.6291,3031
30737,89,-281.8745,-228.2995,0.74,1.619,-0.8497,3031
30739,89,-277.1183,-228.7003,0.7397,0.0099,-0.0097,3032
30740,89,-274.7882,-231.3099,0.739,0.0483,-0.0609,3033
30741,89,-233.6539,-229.3618,-3.9332,0.0106,-0.0129,910
30742,89,-289.5121,-235.2734,0.7411,2.4897,-1.3037,384
30743,89,-236.2095,-236.7263,2.3506,1.7203,-0.2218,908
30744,89,-282.7065,-233.7974,0.7394,0.0668,-0.0392,3032
30745,89,-297.6299,-242.7184,0.7422,3.1755,-0.6661,384
30746,89,-278.1233,-239.0916,0.7395,0.2179,-0.1688,3034
30747,89,-233.8008,-234.1932,2.3508,1.7002,-1.5574,909
30748,89,-229.0929,-243.922,2.3506,2.329,-0.4472,908
30749,89,-228.237,-234.8399,-3.9323,0.2155,-0.238,910
30750,89,-306.0162,-250.4105,0.7422,3.6452,0.212,384
30717,90,-294.6109,-169.8709,2.3766,15.1625,0.7575,1443
30718,90,-261.3032,-223.7711,0.7385,0.0,0.0,3039
30719,90,-244.214,-218.6924,-3.929,0.0,0.0,914
30720,90,-280.6075,-188.1511,2.3774,11.6621,1.1516,3864
30721,90,-270.7758,-192.7149,2.3771,11.3959,1.1986,3865
30722,90,-263.6594,-221.1842,0.735,0.0,0.0,3038
30723,90,-266.0175,-218.5964,0.7361,0.0,0.0,3037
30724,90,-268.9396,-199.3465,2.3713,10.494,1.6598,1438
30725,90,-309.2472,-165.5181,2.3766,14.7135,0.889,1441
30726,90,-283.5648,-190.1646,2.3785,10.7417,1.9042,3863
30727,90,-246.0844,-221.7653,-3.9326,0.0,0.0,913
30728,90,-242.8347,-230.0245,2.3511,0.672,-0.4838,912
30729,90,-248.5887,-224.2094,-3.933,0.0,0.0,912
30730,90,-240.495,-227.4163,-3.933,0.4536,-0.6505,913
30731,90,-238.9322,-224.0189,-3.9327,0.0007,-0.0007,914
30732,90,-269.0348,-216.6109,0.7361,0.0,0.0,389
30733,90,-266.8582,-228.8203,0.7399,0.0019,-0.0013,3034
30734,90,-269.2123,-226.2292,0.7387,0.0045,-0.0046,3033
30735,90,-271.5693,-223.6415,0.7378,0.0008,-0.0008,3032
30736,90,-274.9715,-222.004,0.7389,0.5139,-0.699,3031
30737,90,-281.7608,-228.1957,0.7399,1.5181,-0.8538,3031
30739,90,-277.1176,-228.6997,0.7397,0.0091,-0.0105,3032
30740,90,-274.7849,-231.3068,0.739,0.0445,-0.0429,3033
30741,90,-233.6546,-229.3611,-3.9332,0.0096,-0.0104,910
30742,90,-289.3322,-235.1089,0.7409,2.4258,-0.6084,384
30743,90,-236.3252,-236.6093,2.3506,1.6377,-0.2716,908
30744,90,-282.702,-233.7932,0.7394,0.0602,-0.0583,3032
30745,90,-297.4009,-242.5083,0.7422,3.0707,-1.4907,384
30746,90,-278.1082,-239.0778,0.7394,0.2012,-0.1343,3034
30747,90,-233.9182,-234.0746,2.3508,1.6512,-0.7194,909
30748,90,-229.2518,-243.7613,2.3506,2.2305,-1.1723,908
30749,90,-228.251,-234.8258,-3.9323,0.1944,-0.1836,910
30750,90,-305.7511,-250.1673,0.7422,3.5943,-0.096,384
30717,91,-295.7048,-168.8209,2.3766,15.1381,-0.9497,1443
30718,91,-261.3032,-223.7711,0.7385,0.0,0.0,3039
30719,91,-244.214,-218.6924,-3.929,0.0,0.0,914
30720,91,-281.46,-187.3353,2.3781,11.8298,1.7132,3864
30721,91,-271.6041,-191.9218,2.3778,11.4931,0.9466,3865
30722,91,-263.6594,-221.1842,0.735,0.0,0.0,3038
30723,91,-266.0175,-218.5964,0.7361,0.0,0.0,3037
30724,91,-269.7032,-198.6089,2.3735,10.6432,1.0812,1438
30725,91,-310.3062,-164.5017,2.3767,14.6949,0.6824,1441
30726,91,-284.3519,-189.4125,2.3788,10.9138,1.5433,3863
30727,91,-246.0844,-221.7653,-3.9326,0.0,0.0,913
30728,91,-242.8787,-229.98,2.3511,0.6106,-0.6372,912
30729,91,-248.5887,-224.2094,-3.933,0.0,0.0,912
30730,91,-240.525,-227.386,-3.933,0.4123,-0.5619,913
30731,91,-238.9323,-224.0189,-3.9327,0.0006,-0.0008,914
30732,91,-269.0348,-216.6109,0.7361,0.0,0.0,389
30733,91,-266.858,-228.8202,0.7399,0.0017,-0.002,3034
30734,91,-269.212,-226.2289,0.7387,0.0041,-0.0042,3033
30735,91,-271.5692,-223.6415,0.7378,0.0007,-0.0008,3032
30736,91,-274.9353,-221.9713,0.739,0.4767,-0.4786,3031
30737,91,-281.6512,-228.0957,0.7399,1.4666,-0.6731,3031
30739,91,-277.1169,-228.6991,0.7397,0.0083,-0.0082,3032
30740,91,-274.7818,-231.304,0.739,0.0402,-0.0456,3033
30741,91,-233.6553,-229.3605,-3.9332,0.0088,-0.0073,910
30742,91,-289.1576,-234.9492,0.7407,2.3478,-0.8896,384
30743,91,-236.4353,-236.498,2.3506,1.5608,-0.2145,908
30744,91,-282.6978,-233.7894,0.7394,0.0554,-0.0404,3032
30745,91,-297.1756,-242.3017,0.7422,3.0576,0.0661,384
30746,91,-278.0942,-239.0651,0.7394,0.1859,-0.132,3034
30747,91,-234.0286,-233.963,2.3508,1.5393,-1.1894,909
30748,91,-229.4085,-243.6029,2.3506,2.2095,-0.7733,908
30749,91,-228.2638,-234.8129,-3.9323,0.1762,-0.1903,910
30750,91,-305.4907,-249.9284,0.7422,3.4982,-1.4377,384
30717,92,-296.7982,-167.7713,2.3766,15.1597,0.1843,1443
30718,92,-261.3032,-223.7711,0.7385,0.0,0.0,3039
30719,92,-244.214,-218.6924,-3.929,0.0,0.0,914
30720,92,-282.3248,-186.5084,2.3786,11.9914,1.521,3864
30721,92,-272.4427,-191.1196,2.3784,11.6352,1.1553,3865
30722,92,-263.6594,-221.1842,0.735,0.0,0.0,3038
30723,92,-266.0175,-218.5964,0.7361,0.0,0.0,3037
30724,92,-270.4791,-197.8611,2.3746,10.8398,1.9704,1438
30725,92,-311.3641,-163.4866,2.3768,14.6772,0.597,1441
30726,92,-285.1507,-188.6494,2.379,11.0755,1.5552,3863
30727,92,-246.0844,-221.7653,-3.9326,0.0,0.0,913
30728,92,-242.919,-229.9393,2.3511,0.5657,-0.2929,912
30729,92,-248.5887,-224.2094,-3.933,0.0,0.0,912
30730,92,-240.5522,-227.3585,-3.933,0.3801,-0.2574,913
30731,92,-238.9323,-224.0188,-3.9327,0.0005,-0.0007,914
30732,92,-269.0348,-216.6109,0.7361,0.0,0.0,389
30733,92,-266.8579,-228.8201,0.7399,0.0015,-0.0014,3034
30734,92,-269.2117,-226.2286,0.7387,0.0037,-0.0044,3033
30735,92,-271.5692,-223.6414,0.7378,0.0007,-0.0009,3032
30736,92,-274.9026,-221.9415,0.739,0.4295,-0.5188,3031
30737,92,-281.5476,-228.0011,0.7398,1.3848,-0.7089,3031
30739,92,-277.1164,-228.6986,0.7397,0.0076,-0.0042,3032
30740,92,-274.779,-231.3014,0.739,0.0376,-0.0322,3033
30741,92,-233.6559,-229.3599,-3.9332,0.0082,-0.004,910
30742,92,-288.9882,-234.7944,0.7405,2.2656,-1.299,384
30743,92,-236.5393,-236.3928,2.3506,1.464,-0.6234,908
30744,92,-282.6939,-233.7859,0.7394,0.0511,-0.0404,3032
30745,92,-296.9558,-242.1001,0.7422,2.9938,0.4657,384
30746,92,-278.0815,-239.0534,0.7394,0.1706,-0.0987,3034
30747,92,-234.1327,-233.8578,2.3508,1.4691,-0.4189,909
30748,92,-229.5611,-243.4486,2.3506,2.1533,-0.6873,908
30749,92,-228.2752,-234.8013,-3.9323,0.1591,-0.1709,910
30750,92,-305.2348,-249.6938,0.7422,3.4574,-0.5489,384
30717,93,-297.8928,-166.7206,2.3766,15.1698,-0.0793,1443
30718,93,-261.3032,-223.7711,0.7385,0.0,0.0,3039
30719,93,-244.214,-218.6924,-3.929,0.0,0.0,914
30720,93,-283.1994,-185.6718,2.3784,12.1376,1.6198,3864
30721,93,-273.2837,-190.3159,2.3787,11.6395,0.2118,3865
30722,93,-263.6594,-221.1842,0.735,0.0,0.0,3038
30723,93,-266.0175,-218.5964,0.7361,0.0,0.0,3037
30724,93,-271.265,-197.1049,2.3754,10.9343,0.5256,1438
30725,93,-312.4241,-162.4696,2.3768,14.6963,0.2607,1441
30726,93,-285.9586,-187.8764,2.3782,11.2266,1.7884,1441
30727,93,-246.0844,-221.7653,-3.9326,0.0,0.0,913
30728,93,-242.9556,-229.9024,2.3511,0.5092,-0.4308,912
30729,93,-248.5887,-224.2094,-3.933,0.0,0.0,912
30730,93,-240.5771,-227.3334,-3.933,0.3449,-0.3622,913
30731,93,-238.9324,-224.0188,-3.9327,0.0005,-0.0003,914
30732,93,-269.0348,-216.6109,0.7361,0.0,0.0,389
30733,93,-266.8578,-228.82,0.7399,0.0014,-0.0013,3034
30734,93,-269.2115,-226.2284,0.7387,0.0033,-0.0039,3033
30735,93,-271.5691,-223.6414,0.7378,0.0006,-0.0005,3032
30736,93,-274.873,-221.9145,0.739,0.3922,-0.3793,3031
30737,93,-281.4501,-227.9121,0.7398,1.2981,-0.9067,3031
30739,93,-277.1158,-228.6981,0.7397,0.0069,-0.0076,3032
30740,93,-274.7764,-231.2991,0.739,0.0337,-0.0401,3033
30741,93,-233.6564,-229.3593,-3.9332,0.0074,-0.0061,910
30742,93,-288.8231,-234.6435,0.7403,2.2133,-1.0703,384
30743,93,-236.6386,-236.2925,2.3506,1.398,-0.5279,908
30744,93,-282.6904,-233.7827,0.7394,0.0473,-0.0315,3032
30745,93,-296.7406,-241.9027,0.7422,2.8937,-1.0656,384
30746,93,-278.0699,-239.0429,0.7394,0.1531,-0.1324,3034
30747,93,-234.2309,-233.7585,2.3508,1.3662,-1.2413,909
30748,93,-229.7082,-243.2999,2.3506,2.0548,-1.4601,908
30749,93,-228.2858,-234.7906,-3.9323,0.1475,-0.1108,910
30750,93,-304.9804,-249.4604,0.7422,3.454,0.0707,384
30717,94,-298.9878,-165.6695,2.3766,15.1706,-0.2638,1443
30718,94,-261.3032,-223.7711,0.7385,0.0,0.0,3039
30719,94,-244.214,-218.6924,-3.929,0.0,0.0,914
30720,94,-284.0845,-184.8243,2.3778,12.2981,1.7463,1442
30721,94,-274.1252,-189.5113,2.3786,11.6421,-0.0699,3865
30722,94,-263.6594,-221.1842,0.735,0.0,0.0,3038
30723,94,-266.0175,-218.5964,0.7361,0.0,0.0,3037
30724,94,-272.062,-196.3393,2.3761,11.1013,1.6091,1438
30725,94,-313.4836,-161.4531,2.3769,14.7049,0.8509,1441
30726,94,-286.7759,-187.0935,2.3776,11.3504,1.3301,1441
30727,94,-246.0844,-221.7653,-3.9326,0.0,0.0,913
30728,94,-242.9889,-229.868,-3.9318,0.4635,-0.5957,912
30729,94,-248.5887,-224.2094,-3.933,0.0,0.0,912
30730,94,-240.5996,-227.3106,-3.933,0.3117,-0.3296,913
30731,94,-238.9324,-224.0187,-3.9327,0.0004,-0.0003,914
30732,94,-269.0348,-216.6109,0.7361,0.0,0.0,389
30733,94,-266.8577,-228.8199,0.7399,0.0013,-0.0014,3034
30734,94,-269.2113,-226.2282,0.7387,0.003,-0.0031,3033
30735,94,-271.5691,-223.6413,0.7378,0.0005,-0.0007,3032
30736,94,-274.8459,-221.8899,0.739,0.3544,-0.4568,3031
30737,94,-281.3573,-227.8274,0.7398,1.2356,-0.8265,3031
30739,94,-277.1153,-228.6977,0.7397,0.0063,-0.0056,3032
30740,94,-274.7741,-231.297,0.739,0.0311,-0.0208,3033
30741,94,-233.6569,-229.3589,-3.9332,0.0066,-0.0089,910
30742,94,-288.6647,-234.4988,0.7402,2.1155,-1.3234,384
30743,94,-236.7329,-236.1971,2.3506,1.3149,-1.0743,908
30744,94,-282.6871,-233.7797,0.7394,0.0426,-0.0566,3032
30745,94,-296.5299,-241.7094,0.7422,2.8258,-1.3299,384
30746,94,-278.0592,-239.0331,0.7394,0.1404,-0.1927,3034
30747,94,-234.3242,-233.6643,2.3508,1.313,-0.5347,909
30748,94,-229.8513,-243.1551,2.3506,2.0199,-0.6493,908
30749,94,-228.2954,-234.7809,-3.9323,0.1337,-0.1041,910
30750,94,-304.7307,-249.2314,0.7422,3.3724,-0.5997,384
30717,95,-300.0811,-164.62,2.3766,15.1288,-1.0318,1443
30718,95,-261.3032,-223.7711,0.7385,0.0,0.0,3039
30719,95,-244.214,-218.6924,-3.929,0.0,0.0,914
30720,95,-284.9794,-183.9666,2.3774,12.4289,1.313,1442
30721,95,-274.9651,-188.7077,2.3782,11.6227,-0.0926,3865
30722,95,-263.6594,-221.1842,0.735,0.0,0.0,3038
30723,95,-266.0175,-218.5964,0.7361,0.0,0.0,3037
30724,95,-272.8721,-195.5619,2.3768,11.2503,0.9673,3864
30725,95,-314.5412,-160.4386,2.3769,14.6601,0.2039,1441
30726,95,-287.6041,-186.2995,2.3772,11.5031,1.1685,1441
30727,95,-246.0844,-221.7653,-3.9326,0.0,0.0,913
30728,95,-243.0195,-229.8372,-3.9318,0.4287,-0.2229,912
30729,95,-248.5887,-224.2094,-3.933,0.0,0.0,912
30730,95,-240.62,-227.29,-3.933,0.2828,-0.3138,913
30731,95,-238.9324,-224.0187,-3.9327,0.0004,-0.0005,914
30732,95,-269.0348,-216.6109,0.7361,0.0,0.0,389
30733,95,-266.8576,-228.8198,0.7399,0.0011,-0.0012,3034
30734,95,-269.211,-226.228,0.7387,0.0027,-0.002,3033
30735,95,-271.569,-223.6413,0.7378,0.0005,-0.0006,3032
30736,95,-274.8215,-221.8676,0.739,0.3267,-0.1959,3031
30737,95,-281.2709,-227.7486,0.7397,1.1557,-0.5369,3031
30739,95,-277.1149,-228.6973,0.7397,0.0057,-0.0047,3032
30740,95,-274.7719,-231.295,0.739,0.0286,-0.0141,3033
30741,95,-233.6573,-229.3584,-3.9332,0.0061,-0.0041,910
30742,95,-288.5129,-234.3601,0.74,2.0421,-0.6614,384
30743,95,-236.821,-236.108,2.3506,1.2406,-0.5331,908
30744,95,-282.6841,-233.777,0.7394,0.0399,-0.0317,3032
30745,95,-296.3253,-241.5218,0.7422,2.7722,-0.1529,384
30746,95,-278.0494,-239.0241,0.7394,0.1297,-0.1231,3034
30747,95,-234.4109,-233.5766,2.3507,1.2224,-0.4778,909
30748,95,-229.9902,-243.0147,2.3506,1.9665,-0.3025,908
30749,95,-228.3041,-234.7721,-3.9323,0.1197,-0.1691,910
30750,95,-304.485,-249.0061,0.7422,3.3122,-0.8546,384
30717,96,-301.1756,-163.5694,2.3766,15.1735,0.1441,1443
30718,96,-261.3032,-223.7711,0.7385,0.0,0.0,3039
30719,96,-244.214,-218.6924,-3.929,0.0,0.0,914
30720,96,-285.8857,-183.0975,2.3771,12.5925,1.4128,1442
30721,96,-275.8048,-187.9037,2.3778,11.6266,0.0011,3865
30722,96,-263.6594,-221.1842,0.735,0.0,0.0,3038
30723,96,-266.0175,-218.5964,0.7361,0.0,0.0,3037
30724,96,-273.6941,-194.774,2.3773,11.4386,2.1653,3864
30725,96,-315.5993,-159.4235,2.3769,14.6659,0.08,1441
30726,96,-288.4432,-185.4946,2.377,11.6775,2.0032,1441
30727,96,-246.0844,-221.7653,-3.9326,0.0,0.0,913
30728,96,-243.0471,-229.8093,-3.9318,0.383,-0.3766,912
30729,96,-248.5887,-224.2094,-3.933,0.0,0.0,912
30730,96,-240.6385,-227.2713,-3.933,0.2545,-0.3259,913
30731,96,-238.9325,-224.0187,-3.9327,0.0004,-0.0002,914
30732,96,-269.0348,-216.6109,0.7361,0.0,0.0,389
30733,96,-266.8575,-228.8197,0.7399,0.001,-0.0008,3034
30734,96,-269.2109,-226.2278,0.7387,0.0025,-0.0023,3033
30735,96,-271.569,-223.6413,0.7378,0.0004,-0.0006,3032
30736,96,-274.7995,-221.8476,0.7389,0.2906,-0.2927,3031
30737,96,-281.1894,-227.6742,0.7397,1.0921,-0.4502,3031
30739,96,-277.1145,-228.6969,0.7397,0.0053,-0.0059,3032
30740,96,-274.77,-231.2932,0.739,0.026,-0.0156,3033
30741,96,-233.6577,-229.358,-3.9332,0.0056,-0.0051,910
30742,96,-288.3646,-234.2247,0.7399,1.9856,-1.0413,384
30743,96,-236.9055,-236.0225,2.3505,1.1865,-0.6977,908
30744,96,-282.6814,-233.7745,0.7394,0.0362,-0.0279,3032
30745,96,-296.1245,-241.3376,0.7422,2.7361,0.4993,384
30746,96,-278.0403,-239.0158,0.7394,0.1207,-0.0784,3034
30747,96,-234.4937,-233.4929,2.3506,1.1614,-0.7348,909
30748,96,-230.1252,-242.8782,2.3506,1.9055,-0.5737,908
30749,96,-228.312,-234.7641,-3.9323,0.1102,-0.0879,910
30750,96,-304.2436,-248.7846,0.7422,3.2808,0.1871,384
30717,97,-302.2693,-162.5195,2.3766,15.1432,-0.6463,1443
30718,97,-261.3032,-223.7711,0.7385,0.0,0.0,3039
30719,97,-244.214,-218.6924,-3.929,0.0,0.0,914
30720,97,-286.802,-182.2186,2.3769,12.7378,1.6399,1442
30721,97,-276.6457,-187.0981,2.3776,11.6444,-0.0778,3865
30722,97,-263.6594,-221.1842,0.735,0.0,0.0,3038
30723,97,-266.0175,-218.5964,0.7361,0.0,0.0,3037
30724,97,-274.5258,-193.9773,2.3776,11.5242,0.2929,3864
30725,97,-316.6578,-158.4081,2.3769,14.6659,-0.0383,1441
30726,97,-289.2952,-184.6771,2.3768,11.8475,1.5642,1441
30727,97,-246.0844,-221.7653,-3.9326,0.0,0.0,913
30728,97,-243.0722,-229.7839,-3.9318,0.3508,-0.262,912
30729,97,-248.5887,-224.2094,-3.933,0.0,0.0,912
30730,97,-240.6552,-227.2544,-3.933,0.2324,-0.1888,913
30731,97,-238.9325,-224.0186,-3.9327,0.0003,-0.0003,914
30732,97,-269.0348,-216.6109,0.7361,0.0,0.0,389
30733,97,-266.8575,-228.8197,0.7399,0.0009,-0.0011,3034
30734,97,-269.2107,-226.2276,0.7387,0.0022,-0.0026,3033
30735,97,-271.569,-223.6412,0.7378,0.0004,-0.0004,3032
30736,97,-274.7793,-221.8292,0.7389,0.267,-0.2174,3031
30737,97,-281.113,-227.6044,0.7397,1.0088,-1.0268,3031
30739,97,-277.1141,-228.6966,0.7397,0.0047,-0.0054,3032
30740,97,-274.7682,-231.2916,0.739,0.0237,-0.0223,3033
30741,97,-233.6581,-229.3576,-3.9332,0.0051,-0.0028,910
30742,97,-288.2218,-234.0944,0.7398,1.9087,-1.0859,384
30743,97,-236.9848,-235.9423,2.3505,1.1123,-0.6956,908
30744,97,-282.6789,-233.7722,0.7394,0.0332,-0.0274,3032
30745,97,-295.9281,-241.1575,0.7422,2.6283,-1.4597,384
30746,97,-278.032,-239.0083,0.7394,0.11,-0.0728,3034
30747,97,-234.5703,-233.4154,2.3506,1.0708,-0.8221,909
30748,97,-230.2542,-242.7478,2.3506,1.8294,-0.2257,908
30749,97,-228.3193,-234.7568,-3.9323,0.0996,-0.1188,910
30750,97,-304.0061,-248.5668,0.7422,3.2217,-0.0241,384
30717,98,-303.3614,-161.4712,2.3766,15.1297,-0.3094,1443
30718,98,-261.3032,-223.7711,0.7385,0.0,0.0,3039
30719,98,-244.214,-218.6924,-3.929,0.0,0.0,914
30720,98,-287.7289,-181.3292,2.3768,12.8754,1.1865,1442
30721,98,-277.4862,-186.2928,2.3775,11.6439,0.0754,3865
30722,98,-263.6594,-221.1842,0.735,0.0,0.0,3038
30723,98,-266.0175,-218.5964,0.7361,0.0,0.0,3037
30724,98,-275.3666,-193.1723,2.3779,11.6931,2.1948,3864
30725,98,-317.7177,-157.3913,2.3769,14.6739,-0.5915,1441
30726,98,-290.1583,-183.8487,2.3766,11.9984,1.4186,1441
30727,98,-246.0844,-221.7653,-3.9326,0.0,0.0,913
30728,98,-243.0954,-229.7605,-3.9318,0.3209,-0.3346,912
30729,98,-248.5887,-224.2094,-3.933,0.0,0.0,912
30730,98,-240.6701,-227.2393,-3.933,0.2079,-0.1795,913
30731,98,-238.9325,-224.0186,-3.9327,0.0003,-0.0002,914
30732,98,-269.0348,-216.6109,0.7361,0.0,0.0,389
30733,98,-266.8574,-228.8196,0.7399,0.0008,-0.0009,3034
30734,98,-269.2105,-226.2275,0.7387,0.002,-0.0025,3033
30735,98,-271.5689,-223.6412,0.7378,0.0003,-0.0004,3032
30736,98,-274.7611,-221.8126,0.7389,0.242,-0.2308,3031
30737,98,-281.0418,-227.5395,0.7397,0.9514,-0.4897,3031
30739,98,-277.1138,-228.6963,0.7397,0.0043,-0.0038,3032
30740,98,-274.7665,-231.2901,0.739,0.0215,-0.0223,3033
30741,98,-233.6584,-229.3573,-3.9332,0.0045,-0.0049,910
30742,98,-288.0848,-233.9694,0.7397,1.8487,-0.3378,384
30743,98,-237.0599,-235.8664,2.3504,1.0516,-0.6915,908
30744,98,-282.6766,-233.7701,0.7394,0.0307,-0.0225,3032
30745,98,-295.737,-240.9822,0.7422,2.5852,-0.315,384
30746,98,-278.0244,-239.0013,0.7394,0.1005,-0.1087,3034
30747,98,-234.6421,-233.3428,2.3505,1.0066,-0.6404,909
30748,98,-230.3794,-242.6212,2.3506,1.7569,-0.9283,908
30749,98,-228.3258,-234.7502,-3.9323,0.0899,-0.1064,910
30750,98,-303.7737,-248.3536,0.7422,3.128,-0.9868,384
30717,99,-304.4541,-160.4223,2.3766,15.1269,-0.7324,1443
30718,99,-261.3032,-223.7711,0.7385,0.0,0.0,3039
30719,99,-244.214,-218.6924,-3.929,0.0,0.0,914
30720,99,-288.6645,-180.4314,2.3767,12.995,1.0915,1442
30721,99,-278.3257,-185.4886,2.3776,11.6334,0.4218,3865
30722,99,-263.6594,-221.1842,0.735,0.0,0.0,3038
30723,99,-266.0175,-218.5964,0.7361,0.0,0.0,3037
30724,99,-276.2192,-192.3562,2.378,11.8433,1.6927,3864
30725,99,-318.7773,-156.3749,2.3769,14.6965,0.556,1441
30726,99,-291.0333,-183.0087,2.3766,12.1798,2.0228,1441
30727,99,-246.0844,-221.7653,-3.9326,0.0,0.0,913
30728,99,-243.1161,-229.7396,-3.9318,0.2884,-0.233,912
30729,99,-248.5887,-224.2094,-3.933,0.0,0.0,912
30730,99,-240.6835,-227.2257,-3.933,0.1853,-0.2371,913
30731,99,-238.9325,-224.0186,-3.9327,0.0002,-0.0001,914
30732,99,-269.0348,-216.6109,0.7361,0.0,0.0,389
30733,99,-266.8573,-228.8196,0.7399,0.0007,-0.0008,3034
30734,99,-269.2104,-226.2274,0.7387,0.0018,-0.0016,3033
30735,99,-271.5689,-223.6412,0.7378,0.0003,-0.0003,3032
30736,99,-274.7444,-221.7974,0.7389,0.2176,-0.2965,3031
30737,99,-280.9745,-227.478,0.7397,0.8911,-0.7957,3031
30739,99,-277.1135,-228.696,0.7397,0.004,-0.0024,3032
30740,99,-274.765,-231.2888,0.739,0.0196,-0.0147,3033
30741,99,-233.6587,-229.357,-3.9332,0.0042,-0.004,910
30742,99,-287.9545,-233.8505,0.7396,1.7487,-0.7059,384
30743,99,-237.1295,-235.7959,2.3504,0.9794,-0.496,908
30744,99,-282.6745,-233.7681,0.7394,0.0278,-0.0296,3032
30745,99,-295.5505,-240.8112,0.7422,2.5084,-0.8739,384
30746,99,-278.0175,-238.995,0.7394,0.0918,-0.0847,3034
30747,99,-234.7097,-233.2745,2.3505,0.9458,-0.6593,909
30748,99,-230.5,-242.4992,2.3506,1.6974,-0.7513,908
30749,99,-228.3318,-234.7442,-3.9323,0.0829,-0.0859,910
30750,99,-303.5439,-248.1428,0.7422,3.1059,-0.5099,384
30717,100,-305.5465,-159.374,2.3767,15.1501,0.4434,1443
30718,100,-261.3032,-223.7711,0.7385,0.0,0.0,3039
30719,100,-244.214,-218.6924,-3.929,0.0,0.0,914
30720,100,-289.6098,-179.5242,2.3767,13.1257,0.9519,1442
30721,100,-279.166,-184.6845,2.3782,11.6145,-0.171,3865
30722,100,-263.6594,-221.1842,0.735,0.0,0.0,3038
30723,100,-266.0175,-218.5964,0.7361,0.0,0.0,3037
30724,100,-277.0813,-191.5305,2.3777,11.9746,1.5319,3864
30725,100,-319.838,-155.3574,2.3769,14.7048,0.2541,1441
30726,100,-291.9202,-182.1572,2.3765,12.3364,1.6208,1441
30727,100,-246.0844,-221.7653,-3.9326,0.0,0.0,913
30728,100,-243.1351,-229.7205,-3.9318,0.2625,-0.273,912
30729,100,-248.5887,-224.2094,-3.933,0.0,0.0,912
30730,100,-240.6958,-227.2134,-3.933,0.1686,-0.204,913
30731,100,-238.9326,-224.0186,-3.9327,0.0002,-0.0002,914
30732,100,-269.0348,-216.6109,0.7361,0.0,0.0,389
30733,100,-266.8573,-228.8195,0.7399,0.0007,-0.0008,3034
30734,100,-269.2103,-226.2273,0.7387,0.0016,-0.0012,3033
30735,100,-271.5689,-223.6412,0.7378,0.0003,-0.0002,3032
30736,100,-274.7294,-221.7838,0.7389,0.1987,-0.1817,3031
30737,100,-280.912,-227.421,0.7396,0.8315,-0.5935,3031
30739,100,-277.1132,-228.6957,0.7397,0.0036,-0.0047,3032
30740,100,-274.7637,-231.2875,0.739,0.0177,-0.0218,3033
30741,100,-233.659,-229.3567,-3.9332,0.0037,-0.0042,910
30742,100,-287.8288,-233.7358,0.7396,1.6832,-0.7515,384
30743,100,-237.1947,-235.7299,2.3503,0.9165,-0.5183,908
30744,100,-282.6725,-233.7663,0.7394,0.0259,-0.0201,3032
30745,100,-295.3696,-240.6452,0.7422,2.4205,-1.399,384
30746,100,-278.0111,-238.9892,0.7394,0.0835,-0.0892,3034
30747,100,-234.773,-233.2105,2.3504,0.8918,-0.3986,909
30748,100,-230.6174,-242.3805,2.3506,1.6374,-1.2705,908
30749,100,-228.3372,-234.7387,-3.9323,0.0752,-0.0698,910
30750,100,-303.3196,-247.9371,0.7422,3.0447,0.0618,384
30717,101,-306.6382,-158.3262,2.3767,15.1234,-0.2756,1443
30718,101,-261.3032,-223.7711,0.7385,0.0,0.0,3039
30719,101,-244.214,-218.6924,-3.929,0.0,0.0,914
30720,101,-290.5667,-178.6058,2.3767,13.3081,1.7917,1442
30721,101,-280.008,-183.8797,2.3787,11.6198,-0.6276,3865
30722,101,-263.6594,-221.1842,0.735,0.0,0.0,3038
30723,101,-266.0175,-218.5964,0.7361,0.0,0.0,3037
30724,101,-277.9537,-190.6947,2.3775,12.1091,1.183,3864
30725,101,-320.8976,-154.341,2.3769,14.7065,0.8979,1441
30726,101,-292.8203,-181.2929,2.3765,12.5202,1.6698,1441
30727,101,-246.0844,-221.7653,-3.9326,0.0,0.0,913
30728,101,-243.1521,-229.7032,-3.9318,0.2365,-0.2526,912
30729,101,-248.5887,-224.2094,-3.933,0.0,0.0,912
30730,101,-240.7068,-227.2023,-3.933,0.1517,-0.1929,913
30731,101,-238.9326,-224.0186,-3.9327,0.0002,-0.0001,914
30732,101,-269.0348,-216.6109,0.7361,0.0,0.0,389
30733,101,-266.8572,-228.8195,0.7399,0.0006,-0.0006,3034
30734,101,-269.2102,-226.2272,0.7387,0.0014,-0.0018,3033
30735,101,-271.5689,-223.6411,0.7378,0.0002,-0.0002,3032
30736,101,-274.7159,-221.7714,0.7389,0.1797,-0.1453,3031
30737,101,-280.8533,-227.3674,0.7396,0.7755,-0.763,3031
30739,101,-277.113,-228.6955,0.7397,0.0033,-0.0028,3032
30740,101,-274.7625,-231.2864,0.739,0.0165,-0.0081,3033
30741,101,-233.6592,-229.3565,-3.9332,0.0034,-0.0034,910
30742,101,-287.7083,-233.6257,0.7397,1.6271,-0.1985,384
30743,101,-237.2567,-235.6673,2.3503,0.8625,-0.8076,908
30744,101,-282.6707,-233.7647,0.7394,0.0235,-0.0186,3032
30745,101,-295.1929,-240.4831,0.7422,2.3868,-0.3999,384
30746,101,-278.0053,-238.9839,0.7394,0.0767,-0.0722,3034
30747,101,-234.8323,-233.1505,2.3504,0.8305,-0.5651,909
30748,101,-230.7295,-242.2672,2.3506,1.5857,-0.3337,908
30749,101,-228.3421,-234.7338,-3.9323,0.0681,-0.0462,910
30750,101,-303.0998,-247.7355,0.7422,2.968,-0.5546,384
30717,102,-307.7308,-157.2777,2.3767,15.135,-0.3211,1443
30718,102,-261.3032,-223.7711,0.7385,0.0,0.0,3039
30719,102,-244.214,-218.6924,-3.929,0.0,0.0,914
30720,102,-291.5338,-177.6775,2.3766,13.4481,1.7086,1442
30721,102,-280.8489,-183.0752,2.3783,11.6511,0.711,3865
30722,102,-263.6594,-221.1842,0.735,0.0,0.0,3038
30723,102,-266.0175,-218.5964,0.7361,0.0,0.0,3037
30724,102,-278.8377,-189.8475,2.3774,12.2754,1.3136,3864
30725,102,-321.9579,-153.3239,2.3769,14.7136,0.8752,1441
30726,102,-293.7315,-180.418,2.3764,12.6726,1.6068,1441
30727,102,-246.0844,-221.7653,-3.9326,0.0,0.0,913
30728,102,-243.1678,-229.6874,-3.9318,0.2188,-0.1599,912
30729,102,-248.5887,-224.2094,-3.933,0.0,0.0,912
30730,102,-240.7168,-227.1921,-3.933,0.1398,-0.1425,913
30731,102,-238.9326,-224.0185,-3.9327,0.0002,-0.0003,914
30732,102,-269.0348,-216.6109,0.7361,0.0,0.0,389
30733,102,-266.8572,-228.8194,0.7399,0.0005,-0.0007,3034
30734,102,-269.21,-226.2271,0.7387,0.0013,-0.0011,3033
30735,102,-271.5688,-223.6411,0.7378,0.0002,-0.0003,3032
30736,102,-274.7037,-221.7603,0.7389,0.1612,-0.1685,3031
30737,102,-280.7986,-227.3175,0.7396,0.7249,-0.6406,3031
30739,102,-277.1127,-228.6953,0.7397,0.003,-0.0038,3032
30740,102,-274.7613,-231.2854,0.739,0.015,-0.0128,3033
30741,102,-233.6595,-229.3562,-3.9332,0.0032,-0.0018,910
30742,102,-287.593,-233.5206,0.7397,1.535,-0.9878,384
30743,102,-237.3149,-235.6084,2.3502,0.8174,-0.4538,908
30744,102,-282.6691,-233.7633,0.7394,0.0214,-0.0185,3032
30745,102,-295.0219,-240.3263,0.7422,2.2969,-0.9456,384
30746,102,-278.0,-238.9791,0.7394,0.0705,-0.0562,3034
30747,102,-234.8868,-233.0953,2.3503,0.7592,-0.7159,909
30748,102,-230.8382,-242.1573,2.3506,1.5348,-0.4304,908
30749,102,-228.3465,-234.7293,-3.9323,0.0616,-0.0695,910
30750,102,-302.8815,-247.5353,0.7422,2.9462,-0.6478,384
30717,103,-308.8238,-156.2288,2.3767,15.1547,0.2971,1443
30718,103,-261.3032,-223.7711,0.7385,0.0,0.0,3039
30719,103,-244.214,-218.6924,-3.929,0.0,0.0,914
30720,103,-292.5094,-176.7411,2.3766,13.5482,0.9818,1442
30721,103,-281.6888,-182.2709,2.3778,11.6431,0.6039,1443
30722,103,-263.6594,-221.1842,0.735,0.0,0.0,3038
30723,103,-266.0175,-218.5964,0.7361,0.0,0.0,3037
30724,103,-279.7319,-188.9904,2.3773,12.4108,1.0027,3864
30725,103,-323.0178,-152.3072,2.3769,14.6879,0.0092,1441
30726,103,-294.653,-179.533,2.3764,12.8223,1.8116,1441
30727,103,-246.0844,-221.7653,-3.9326,0.0,0.0,913
30728,103,-243.1818,-229.6733,-3.9318,0.1938,-0.1841,912
30729,103,-248.5887,-224.2094,-3.933,0.0,0.0,912
30730,103,-240.7259,-227.1829,-3.933,0.1259,-0.1252,913
30731,103,-238.9326,-224.0185,-3.9327,0.0001,-0.0001,914
30732,103,-269.0348,-216.6109,0.7361,0.0,0.0,389
30733,103,-266.8572,-228.8194,0.7399,0.0005,-0.0004,3034
30734,103,-269.21,-226.227,0.7387,0.0012,-0.0011,3033
30735,103,-271.5688,-223.6411,0.7378,0.0002,-0.0003,3032
30736,103,-274.6926,-221.7502,0.7389,0.1451,-0.2055,3031
30737,103,-280.7478,-227.2711,0.7396,0.6767,-0.4251,3031
30739,103,-277.1125,-228.6951,0.7397,0.0027,-0.0029,3032
30740,103,-274.7603,-231.2844,0.739,0.0134,-0.0153,3033
30741,103,-233.6597,-229.356,-3.9332,0.0028,-0.0032,910
30742,103,-287.482,-233.4193,0.7397,1.4838,-0.7633,384
30743,103,-237.3694,-235.5532,2.3502,0.7667,-0.441,908
30744,103,-282.6676,-233.7619,0.7394,0.02,-0.0169,3032
30745,103,-294.8554,-240.1736,0.7422,2.2294,-1.1725,384
30746,103,-277.9952,-238.9746,0.7394,0.0644,-0.0448,3034
30747,103,-234.9379,-233.0436,2.3503,0.7091,-0.7256,909
30748,103,-230.9433,-242.051,2.3506,1.4688,-1.02,908
30749,103,-228.3505,-234.7252,-3.9323,0.0555,-0.062,910
30750,103,-302.6699,-247.3412,0.7422,2.8553,-0.6295,384
30717,104,-309.9177,-155.1789,2.3767,15.16,-0.0494,1443
30718,104,-261.3032,-223.7711,0.7385,0.0,0.0,3039
30719,104,-244.214,-218.6924,-3.929,0.0,0.0,914
30720,104,-293.4955,-175.7945,2.3766,13.7012,1.2688,1442
30721,104,-282.5298,-181.4649,2.3774,11.6497,0.0873,1443
30722,104,-263.6594,-221.1842,0.735,0.0,0.0,3038
30723,104,-266.0175,-218.5964,0.7361,0.0,0.0,3037
30724,104,-280.6353,-188.1246,2.3774,12.5495,1.5916,3864
30725,104,-324.0775,-151.2906,2.3769,14.6605,-0.9788,1441
30726,104,-295.5817,-178.6412,2.3764,12.8908,0.5933,1441
30727,104,-246.0844,-221.7653,-3.9326,0.0,0.0,913
30728,104,-243.1945,-229.6605,-3.9318,0.1759,-0.1947,912
30729,104,-248.5887,-224.2094,-3.933,0.0,0.0,912
30730,104,-240.7341,-227.1747,-3.933,0.114,-0.0645,913
30731,104,-238.9326,-224.0185,-3.9327,0.0001,-0.0001,914
30732,104,-269.0348,-216.6109,0.7361,0.0,0.0,389
30733,104,-266.8571,-228.8194,0.7399,0.0004,-0.0004,3034
30734,104,-269.2099,-226.2269,0.7387,0.001,-0.0015,3033
30735,104,-271.5688,-223.6411,0.7378,0.0002,-0.0002,3032
30736,104,-274.6826,-221.7411,0.7389,0.1332,-0.1105,3031
30737,104,-280.6998,-227.2273,0.7396,0.633,-0.6634,3031
30739,104,-277.1123,-228.6949,0.7397,0.0025,-0.0021,3032
30740,104,-274.7594,-231.2836,0.739,0.0122,-0.0132,3033
30741,104,-233.6599,-229.3558,-3.9332,0.0026,-0.003,910
30742,104,-287.3761,-233.3226,0.7397,1.4082,-1.0357,384
30743,104,-237.4202,-235.5018,2.3502,0.7116,-0.4516,908
30744,104,-282.6662,-233.7606,0.7394,0.0182,-0.0173,3032
30745,104,-294.6944,-240.0259,0.7422,2.1769,-0.2937,384
30746,104,-277.9907,-238.9705,0.7394,0.0598,-0.0355,3034
30747,104,-234.9857,-232.9953,2.3503,0.6672,-0.571,909
30748,104,-231.0442,-241.949,2.3506,1.4107,-1.0104,908
30749,104,-228.3542,-234.7215,-3.9323,0.0509,-0.0507,910
30750,104,-302.4634,-247.1518,0.7422,2.7868,-0.5921,384
30717,105,-311.0127,-154.1281,2.3767,15.1726,-0.0994,1443
30718,105,-261.3032,-223.7711,0.7385,0.0,0.0,3039
30719,105,-244.214,-218.6924,-3.929,0.0,0.0,914
30720,105,-294.4921,-174.8379,2.3766,13.8404,1.0431,1442
30721,105,-283.3686,-180.6607,2.3771,11.6168,-0.1281,1443
30722,105,-263.6594,-221.1842,0.735,0.0,0.0,3038
30723,105,-266.0175,-218.5964,0.7361,0.0,0.0,3037
30724,105,-281.5513,-187.248,2.3781,12.7059,1.5959,3864
30725,105,-325.1374,-150.2739,2.3769,14.7071,0.785,1441
30726,105,-296.5113,-177.7485,2.3764,12.8906,0.0781,1441
30727,105,-246.0844,-221.7653,-3.9326,0.0,0.0,913
30728,105,-243.2059,-229.6489,-3.9318,0.1588,-0.158,912
30729,105,-248.5887,-224.2094,-3.933,0.0,0.0,912
30730,105,-240.7414,-227.1672,-3.933,0.1023,-0.0924,913
30731,105,-238.9326,-224.0185,-3.9327,0.0001,-0.0001,914
30732,105,-269.0348,-216.6109,0.7361,0.0,0.0,389
30733,105,-266.8571,-228.8193,0.7399,0.0004,-0.0003,3034
30734,105,-269.2098,-226.2268,0.7387,0.0009,-0.0008,3033
30735,105,-271.5688,-223.6411,0.7378,0.0001,-0.0001,3032
30736,105,-274.6734,-221.7327,0.7389,0.1205,-0.1357,3031
30737,105,-280.6554,-227.1869,0.7396,0.5908,-0.3809,3031
30739,105,-277.1122,-228.6948,0.7397,0.0023,-0.0023,3032
30740,105,-274.7585,-231.2828,0.739,0.0113,-0.012,3033
30741,105,-233.66,-229.3556,-3.9332,0.0023,-0.0027,910
30742,105,-287.2744,-233.2298,0.7397,1.3562,-0.8183,384
30743,105,-237.4673,-235.4541,2.3501,0.6596,-0.4751,908
30744,105,-282.665,-233.7595,0.7394,0.0165,-0.0182,3032
30745,105,-294.5375,-239.882,0.7422,2.1166,-0.4989,384
30746,105,-277.9866,-238.9668,0.7394,0.0542,-0.0571,3034
30747,105,-235.0299,-232.9505,2.3502,0.6202,-0.3861,909
30748,105,-231.1412,-241.8509,2.3506,1.3573,-0.8755,908
30749,105,-228.3575,-234.7181,-3.9323,0.0457,-0.065,910
30750,105,-302.259,-246.9643,0.7422,2.7689,-0.1879,384
30717,106,-312.1073,-153.0777,2.3767,15.1546,-0.6061,1443
30718,106,-261.3032,-223.7711,0.7385,0.0,0.0,3039
30719,106,-244.214,-218.6924,-3.929,0.0,0.0,914
30720,106,-295.499,-173.8714,2.3766,13.9981,1.6469,1442
30721,106,-284.2088,-179.8547,2.377,11.6464,0.1813,1443
30722,106,-263.6594,-221.1842,0.735,0.0,0.0,3038
30723,106,-266.0175,-218.5964,0.7361,0.0,0.0,3037
30724,106,-282.4746,-186.3654,2.3786,12.7975,1.5402,3864
30725,106,-326.197,-149.2575,2.3769,14.6727,-0.4237,1441
30726,106,-297.4399,-176.8568,2.3764,12.8773,0.1252,1441
30727,106,-246.0844,-221.7653,-3.9326,0.0,0.0,913
30728,106,-243.2165,-229.6383,-3.9318,0.146,-0.1499,912
30729,106,-248.5887,-224.2094,-3.933,0.0,0.0,912
30730,106,-240.7481,-227.1605,-3.933,0.0931,-0.068,913
30731,106,-238.9326,-224.0185,-3.9327,0.0001,-0.0001,914
30732,106,-269.0348,-216.6109,0.7361,0.0,0.0,389
30733,106,-266.8571,-228.8193,0.7399,0.0003,-0.0002,3034
30734,106,-269.2097,-226.2268,0.7387,0.0009,-0.0006,3033
30735,106,-271.5688,-223.6411,0.7378,0.0001,-0.0002,3032
30736,106,-274.6652,-221.7253,0.7389,0.1077,-0.1208,3031
30737,106,-280.6145,-227.1495,0.7396,0.5425,-0.4782,3031
30739,106,-277.112,-228.6946,0.7397,0.002,-0.0016,3032
30740,106,-274.7577,-231.2821,0.739,0.0103,-0.0089,3033
30741,106,-233.6602,-229.3555,-3.9332,0.0022,-0.0016,910
30742,106,-287.179,-233.1427,0.7397,1.2778,-0.5631,3031
30743,106,-237.5109,-235.41,2.3501,0.6079,-0.5279,908
30744,106,-282.6638,-233.7584,0.7394,0.0153,-0.0123,3032
30745,106,-294.3854,-239.7424,0.7422,2.0639,-0.0145,384
30746,106,-277.9828,-238.9633,0.7394,0.05,-0.0393,3034
30747,106,-235.071,-232.9089,2.3502,0.5704,-0.6034,909
30748,106,-231.2336,-241.7575,2.3506,1.3088,-0.2038,908
30749,106,-228.3605,-234.7151,-3.9323,0.0421,-0.0263,910
30750,106,-302.0609,-246.7826,0.7422,2.6676,-0.8041,384
30717,107,-313.2012,-152.0279,2.3767,15.1609,-0.0036,1443
30718,107,-261.3032,-223.7711,0.7385,0.0,0.0,3039
30719,107,-244.214,-218.6924,-3.929,0.0,0.0,914
30720,107,-296.5144,-172.8967,2.3766,14.0982,0.9158,1442
30721,107,-285.0487,-179.0489,2.3769,11.6385,0.0041,1443
30722,107,-263.6594,-221.1842,0.735,0.0,0.0,3038
30723,107,-266.0175,-218.5964,0.7361,0.0,0.0,3037
30724,107,-283.4093,-185.471,2.3782,12.9725,1.5636,3864
30725,107,-327.2562,-148.2414,2.3769,14.6475,-1.224,1441
30726,107,-298.3691,-175.9644,2.3764,12.8979,0.5902,1441
30727,107,-246.0844,-221.7653,-3.9326,0.0,0.0,913
30728,107,-243.226,-229.6287,-3.9318,0.1303,-0.1664,912
30729,107,-248.5887,-224.2094,-3.933,0.0,0.0,912
30730,107,-240.7541,-227.1544,-3.9329,0.0842,-0.0603,913
30731,107,-238.9327,-224.0185,-3.9327,0.0001,-0.0001,914
30732,107,-269.0348,-216.6109,0.7361,0.0,0.0,389
30733,107,-266.857,-228.8193,0.7399,0.0003,-0.0003,3034
30734,107,-269.2097,-226.2267,0.7387,0.0008,-0.0007,3033
30735,107,-271.5688,-223.6411,0.7378,0.0001,-0.0001,3032
30736,107,-274.6578,-221.7185,0.7389,0.0973,-0.1108,3031
30737,107,-280.5762,-227.1145,0.7396,0.5062,-0.4942,3031
30739,107,-277.1119,-228.6945,0.7397,0.0019,-0.001,3032
30740,107,-274.757,-231.2814,0.739,0.0093,-0.0105,3033
30741,107,-233.6603,-229.3553,-3.9332,0.002,-0.0013,910
30742,107,-287.0872,-233.0589,0.7398,1.2245,-0.7338,3031
30743,107,-237.5522,-235.3682,2.3501,0.5795,-0.3896,908
30744,107,-282.6628,-233.7574,0.7394,0.0138,-0.0179,3032
30745,107,-294.2371,-239.6065,0.7422,1.99,-0.8541,384
30746,107,-277.9794,-238.9602,0.7394,0.0455,-0.0415,3034
30747,107,-235.1089,-232.8706,2.3502,0.5331,-0.2484,909
30748,107,-231.3214,-241.6687,2.3506,1.2326,-0.6234,908
30749,107,-228.3633,-234.7123,-3.9323,0.0385,-0.0294,910
30750,107,-301.8661,-246.6039,0.7422,2.6224,-0.8401,384
30717,108,-314.2935,-150.9797,2.3767,15.1202,-0.6705,1443
30718,108,-261.3032,-223.7711,0.7385,0.0,0.0,3039
30719,108,-244.214,-218.6924,-3.929,0.0,0.0,914
30720,108,-297.5336,-171.9183,2.3766,14.1315,0.1145,1442
30721,108,-285.888,-178.2435,2.3768,11.6229,-0.3447,1443
30722,108,-263.6594,-221.1842,0.735,0.0,0.0,3038
30723,108,-266.0175,-218.5964,0.7361,0.0,0.0,3037
30724,108,-284.3495,-184.5703,2.3776,13.0246,0.1413,1442
30725,108,-328.3148,-147.226,2.3769,14.6698,0.0385,1441
30726,108,-299.2987,-175.0717,2.3764,12.8949,0.262,1441
30727,108,-246.0844,-221.7653,-3.9326,0.0,0.0,913
30728,108,-243.2345,-229.62,-3.9318,0.1186,-0.1299,912
30729,108,-248.5887,-224.2094,-3.933,0.0,0.0,912
30730,108,-240.7596,-227.1489,-3.9329,0.0751,-0.0957,913
30731,108,-238.9327,-224.0185,-3.9327,0.0001,-0.0001,914
30732,108,-269.0348,-216.6109,0.7361,0.0,0.0,389
30733,108,-266.857,-228.8193,0.7399,0.0003,-0.0002,3034
30734,108,-269.2096,-226.2267,0.7387,0.0007,-0.0007,3033
30735,108,-271.5688,-223.641,0.7378,0.0001,-0.0001,3032
30736,108,-274.6512,-221.7125,0.7389,0.0879,-0.0883,3031
30737,108,-280.54,-227.082,0.7397,0.4784,-0.3429,3031
30739,108,-277.1117,-228.6944,0.7397,0.0017,-0.001,3032
30740,108,-274.7564,-231.2809,0.739,0.0085,-0.0065,3033
30741,108,-233.6605,-229.3552,-3.9332,0.0017,-0.0023,910
30742,108,-287.0008,-232.98,0.7398,1.1576,-0.4724,3031
30743,108,-237.5902,-235.3298,2.3501,0.5337,-0.2724,908
30744,108,-282.6618,-233.7566,0.7394,0.0126,-0.0168,3032
30745,108,-294.095,-239.4761,0.7422,1.9165,-0.4885,384
30746,108,-277.9762,-238.9573,0.7394,0.0413,-0.0413,3034
30747,108,-235.1436,-232.8346,-3.9327,0.4891,-0.4805,909
30748,108,-231.4059,-241.5833,2.3506,1.1869,-0.589,908
30749,108,-228.3658,-234.7098,-3.9323,0.0344,-0.0315,910
30750,108,-301.6771,-246.4306,0.7422,2.5419,-0.8786,384
30717,109,-315.3874,-149.9299,2.3767,15.1699,0.3602,1443
30718,109,-261.3032,-223.7711,0.7385,0.0,0.0,3039
30719,109,-244.214,-218.6924,-3.929,0.0,0.0,914
30720,109,-298.5509,-170.9418,2.3766,14.1046,0.1418,1442
30721,109,-286.7282,-177.4372,2.3767,11.6491,0.1865,1443
30722,109,-263.6594,-221.1842,0.735,0.0,0.0,3038
30723,109,-266.0175,-218.5964,0.7361,0.0,0.0,3037
30724,109,-285.2936,-183.6653,2.3773,13.0837,0.2382,1442
30725,109,-329.374,-146.2099,2.3769,14.6583,-0.8024,1441
30726,109,-300.2282,-174.179,2.3764,12.877,-0.4386,1441
30727,109,-246.0844,-221.7653,-3.9326,0.0,0.0,913
30728,109,-243.2422,-229.6123,-3.9318,0.1061,-0.0908,912
30729,109,-248.5887,-224.2094,-3.933,0.0,0.0,912
30730,109,-240.7645,-227.1439,-3.9329,0.0679,-0.081,913
30731,109,-238.9327,-224.0185,-3.9327,0.0001,-0.0001,914
30732,109,-269.0348,-216.6109,0.7361,0.0,0.0,389
30733,109,-266.857,-228.8192,0.7399,0.0002,-0.0002,3034
30734,109,-269.2096,-226.2266,0.7387,0.0006,-0.0007,3033
30735,109,-271.5687,-223.641,0.7378,0.0001,-0.0001,3032
30736,109,-274.645,-221.7069,0.7389,0.0809,-0.089,3031
30737,109,-280.507,-227.0519,0.7397,0.4324,-0.5459,3031
30739,109,-277.1116,-228.6943,0.7397,0.0015,-0.0011,3032
30740,109,-274.7558,-231.2803,0.739,0.0079,-0.0063,3033
30741,109,-233.6606,-229.3551,-3.9332,0.0016,-0.002,910
30742,109,-286.9179,-232.9044,0.7398,1.1021,-0.7733,3031
30743,109,-237.6249,-235.2938,-3.9328,0.4905,-0.4204,908
30744,109,-282.6609,-233.7558,0.7394,0.0118,-0.0055,3032
30745,109,-293.9572,-239.3497,0.7422,1.8418,-1.1051,384
30746,109,-277.9733,-238.9547,0.7394,0.0382,-0.0408,3034
30747,109,-235.1763,-232.8015,-3.9327,0.4596,-0.2551,909
30748,109,-231.4863,-241.502,2.3506,1.1236,-0.7928,908
30749,109,-228.368,-234.7075,-3.9323,0.0312,-0.0281,910
30750,109,-301.4912,-246.26,0.7422,2.494,-1.1288,384
30717,110,-316.4819,-148.8795,2.3767,15.1752,0.2731,1443
30718,110,-261.3032,-223.7711,0.7385,0.0,0.0,3039
30719,110,-244.214,-218.6924,-3.929,0.0,0.0,914
30720,110,-299.569,-169.9645,2.3766,14.0973,-0.6338,1442
30721,110,-287.5675,-176.6317,2.3767,11.6169,-0.6008,1443
30722,110,-263.6594,-221.1842,0.735,0.0,0.0,3038
30723,110,-266.0175,-218.5964,0.7361,0.0,0.0,3037
30724,110,-286.2381,-182.7596,2.377,13.1198,1.343,1442
30725,110,-330.4337,-145.1934,2.3769,14.7125,1.1658,1441
30726,110,-301.1588,-173.2854,2.3764,12.9106,0.3362,1441
30727,110,-246.0844,-221.7653,-3.9326,0.0,0.0,913
30728,110,-243.2491,-229.6054,-3.9318,0.0962,-0.0738,912
30729,110,-248.5887,-224.2094,-3.933,0.0,0.0,912
30730,110,-240.7689,-227.1394,-3.9329,0.0612,-0.0633,913
30731,110,-238.9327,-224.0185,-3.9327,0.0001,-0.0001,914
30732,110,-269.0348,-216.6109,0.7361,0.0,0.0,389
30733,110,-266.857,-228.8192,0.7399,0.0002,-0.0002,3034
30734,110,-269.2095,-226.2266,0.7387,0.0006,-0.0005,3033
30735,110,-271.5687,-223.641,0.7378,0.0001,-0.0001,3032
30736,110,-274.6395,-221.7019,0.7389,0.0727,-0.0718,3031
30737,110,-280.4766,-227.0241,0.7397,0.3998,-0.488,3031
30739,110,-277.1115,-228.6942,0.7397,0.0014,-0.0015,3032
30740,110,-274.7552,-231.2798,0.739,0.0071,-0.0077,3033
30741,110,-233.6607,-229.355,-3.9332,0.0014,-0.0017,910
30742,110,-286.8397,-232.833,0.7398,1.0514,-0.311,3031
30743,110,-237.6578,-235.2605,-3.9328,0.4571,-0.4601,908
30744,110,-282.6601,-233.755,0.7394,0.0107,-0.0072,3032
30745,110,-293.8244,-239.2279,0.7422,1.7812,-0.8074,384
30746,110,-277.9707,-238.9523,0.7394,0.0345,-0.0365,3034
30747,110,-235.2062,-232.7712,-3.9327,0.4149,-0.456,909
30748,110,-231.5636,-241.4238,2.3506,1.0773,-0.8824,908
30749,110,-228.3701,-234.7054,-3.9323,0.0285,-0.0355,910
30750,110,-301.3098,-246.0937,0.7422,2.4345,-1.0663,384
30717,111,-317.5766,-147.829,2.3767,15.1621,-0.3791,1443
30718,111,-261.3032,-223.7711,0.7385,0.0,0.0,3039
30719,111,-244.214,-218.6924,-3.929,0.0,0.0,914
30720,111,-300.5873,-168.9871,2.3766,14.1084,-0.262,1442
30721,111,-288.4069,-175.826,2.3767,11.6457,0.4373,1443
30722,111,-263.6594,-221.1842,0.735,0.0,0.0,3038
30723,111,-266.0175,-218.5964,0.7361,0.0,0.0,3037
30724,111,-287.1845,-181.8516,2.3769,13.1386,0.8948,1442
30725,111,-331.4933,-144.177,2.3769,14.6713,-0.4846,1441
30726,111,-302.0882,-172.3928,2.3764,12.8706,-0.6267,1441
30727,111,-246.0844,-221.7653,-3.9326,0.0,0.0,913
30728,111,-243.2553,-229.5991,-3.9318,0.0864,-0.0866,912
30729,111,-248.5887,-224.2094,-3.933,0.0,0.0,912
30730,111,-240.7729,-227.1354,-3.9329,0.0548,-0.0655,913
30731,111,-238.9327,-224.0185,-3.9327,0.0001,-0.0001,914
30732,111,-269.0348,-216.6109,0.7361,0.0,0.0,389
30733,111,-266.8569,-228.8192,0.7399,0.0002,-0.0002,3034
30734,111,-269.2095,-226.2265,0.7387,0.0005,-0.0007,3033
30735,111,-271.5687,-223.641,0.7378,0.0001,-0.0001,3032
30736,111,-274.6345,-221.6973,0.7389,0.0655,-0.0827,3031
30737,111,-280.4485,-226.9985,0.7397,0.3692,-0.3996,3031
30739,111,-277.1114,-228.6941,0.7397,0.0013,-0.0009,3032
30740,111,-274.7548,-231.2794,0.739,0.0064,-0.0085,3033
30741,111,-233.6608,-229.3549,-3.9332,0.0013,-0.0016,910
30742,111,-286.7653,-232.7651,0.7398,0.9932,-0.5799,3031
30743,111,-237.6882,-235.2298,-3.9329,0.4277,-0.1894,908
30744,111,-282.6594,-233.7543,0.7394,0.0099,-0.0075,3032
30745,111,-293.6958,-239.1099,0.7422,1.7183,-1.0815,384
30746,111,-277.9683,-238.9501,0.7394,0.0316,-0.0369,3034
30747,111,-235.2342,-232.7429,-3.9327,0.3906,-0.3293,909
30748,111,-231.6368,-241.3498,2.3506,1.0191,-0.8882,908
30749,111,-228.372,-234.7035,-3.9323,0.0257,-0.0299,910
30750,111,-301.1322,-245.9308,0.7422,2.4055,-0.1753,384
30717,112,-318.6702,-146.7796,2.3767,15.1842,1.1532,1443
30718,112,-261.3032,-223.7711,0.7385,0.0,0.0,3039
30719,112,-244.214,-218.6924,-3.929,0.0,0.0,914
30720,112,-301.6054,-168.0097,2.3766,14.123,0.379,1442
30721,112,-289.2459,-175.0208,2.3766,11.6307,0.1212,1443
30722,112,-263.6594,-221.1842,0.735,0.0,0.0,3038
30723,112,-266.0175,-218.5964,0.7361,0.0,0.0,3037
30724,112,-288.1336,-180.9409,2.3768,13.1712,0.725,1442
30726,112,-303.0173,-171.5006,2.3764,12.8872,0.2416,1441
30727,112,-246.0844,-221.7653,-3.9326,0.0,0.0,913
30728,112,-243.261,-229.5933,-3.9318,0.0777,-0.1179,912
30729,112,-248.5887,-224.2094,-3.933,0.0,0.0,912
30730,112,-240.7765,-227.1318,-3.9329,0.0498,-0.0704,913
30731,112,-238.9327,-224.0185,-3.9327,0.0001,-0.0001,914
30732,112,-269.0348,-216.6109,0.7361,0.0,0.0,389
30733,112,-266.8569,-228.8192,0.7399,0.0002,-0.0001,3034
30734,112,-269.2094,-226.2265,0.7387,0.0004,-0.0005,3033
30735,112,-271.5687,-223.641,0.7378,0.0001,-0.0001,3032
30736,112,-274.6301,-221.6932,0.7389,0.0587,-0.081,3031
30737,112,-280.4224,-226.9747,0.7397,0.3484,-0.2213,3031
30739,112,-277.1113,-228.694,0.7397,0.0011,-0.0013,3032
30740,112,-274.7543,-231.279,0.739,0.0059,-0.0033,3033
30741,112,-233.6609,-229.3548,-3.9332,0.0012,-0.0014,910
30742,112,-286.6946,-232.7006,0.7398,0.9488,-0.2988,3031
30743,112,-237.7163,-235.2013,-3.9329,0.3938,-0.3152,908
30744,112,-282.6587,-233.7537,0.7394,0.0089,-0.0114,3032
30745,112,-293.5733,-238.9976,0.7422,1.6438,-0.7279,384
30746,112,-277.9661,-238.9481,0.7394,0.0292,-0.0184,3034
30747,112,-235.2596,-232.7171,-3.9327,0.3586,-0.1655,909
30748,112,-231.7067,-241.2791,2.3506,0.9791,-0.5932,908
30749,112,-228.3737,-234.7018,-3.9323,0.0233,-0.0291,910
30750,112,-300.9601,-245.7729,0.7422,2.3083,-1.0796,384
30717,113,-319.7615,-145.7322,2.3767,15.1266,0.0774,1443
30718,113,-261.3032,-223.7711,0.7385,0.0,0.0,3039
30719,113,-244.214,-218.6924,-3.929,0.0,0.0,914
30720,113,-302.6232,-167.0328,2.3766,14.0954,-0.4931,1442
30721,113,-290.0845,-174.2158,2.3766,11.6165,-0.2832,1443
30722,113,-263.6594,-221.1842,0.735,0.0,0.0,3038
30723,113,-266.0175,-218.5964,0.7361,0.0,0.0,3037
30724,113,-289.0866,-180.0264,2.3767,13.2123,0.1577,1442
30726,113,-303.9452,-170.6094,2.3764,12.8647,-0.0612,1441
30727,113,-246.0844,-221.7653,-3.9326,0.0,0.0,913
30728,113,-243.2661,-229.5882,-3.9318,0.0709,-0.0782,912
30729,113,-248.5887,-224.2094,-3.933,0.0,0.0,912
30730,113,-240.7798,-227.1285,-3.9329,0.0455,-0.039,913
30731,113,-238.9327,-224.0184,-3.9327,0.0001,-0.0001,914
30732,113,-269.0348,-216.6109,0.7361,0.0,0.0,389
30733,113,-266.8569,-228.8192,0.7399,0.0001,-0.0002,3034
30734,113,-269.2094,-226.2265,0.7387,0.0004,-0.0004,3033
30735,113,-271.5687,-223.641,0.7378,0.0001,-0.0001,3032
30736,113,-274.626,-221.6896,0.7389,0.0532,-0.0467,3031
30737,113,-280.3986,-226.953,0.7397,0.3154,-0.2395,3031
30739,113,-277.1112,-228.6939,0.7397,0.0011,-0.0008,3032
30740,113,-274.7539,-231.2786,0.739,0.0053,-0.0052,3033
30741,113,-233.661,-229.3547,-3.9332,0.0011,-0.0006,910
30742,113,-286.6272,-232.6391,0.7398,0.9031,-0.3803,3031
30743,113,-237.7426,-235.1747,-3.9329,0.3681,-0.228,908
30744,113,-282.6581,-233.7531,0.7394,0.0083,-0.0076,3032
30745,113,-293.4539,-238.8881,0.7422,1.618,-0.0857,384
30746,113,-277.9641,-238.9463,0.7394,0.0266,-0.022,3034
30747,113,-235.2832,-232.6933,-3.9327,0.3253,-0.4126,909
30748,113,-231.7733,-241.2117,2.3506,0.9371,-0.4298,908
30749,113,-228.3752,-234.7002,-3.9323,0.0215,-0.0189,910
30750,113,-300.7931,-245.6197,0.7422,2.2573,-0.3406,384
30717,114,-320.8534,-144.6844,2.3767,15.1357,0.1436,1443
30718,114,-261.3032,-223.7711,0.7385,0.0,0.0,3039
30719,114,-244.214,-218.6924,-3.929,0.0,0.0,914
30720,114,-303.641,-166.0558,2.3766,14.1198,0.4438,1442
30721,114,-290.9239,-173.4101,2.3766,11.6352,0.0487,1443
30722,114,-263.6594,-221.1842,0.735,0.0,0.0,3038
30723,114,-266.0175,-218.5964,0.7361,0.0,0.0,3037
30724,114,-290.0392,-179.1121,2.3767,13.1979,-0.2388,1442
30726,114,-304.8751,-169.7164,2.3764,12.8867,-0.2322,1441
30727,114,-246.0844,-221.7653,-3.9326,0.0,0.0,913
30728,114,-243.2708,-229.5835,-3.9318,0.0647,-0.0625,912
30729,114,-248.5887,-224.2094,-3.933,0.0,0.0,912
30730,114,-240.7827,-227.1254,-3.9329,0.041,-0.0518,913
30731,114,-238.9327,-224.0184,-3.9327,0.0001,-0.0001,914
30732,114,-269.0348,-216.6109,0.7361,0.0,0.0,389
30733,114,-266.8569,-228.8192,0.7399,0.0001,-0.0002,3034
30734,114,-269.2094,-226.2264,0.7387,0.0003,-0.0005,3033
30735,114,-271.5687,-223.641,0.7378,0.0001,-0.0001,3032
30736,114,-274.6224,-221.6863,0.7389,0.0481,-0.0418,3031
30737,114,-280.3764,-226.9328,0.7397,0.2953,-0.2073,3031
30739,114,-277.1112,-228.6938,0.7397,0.0009,-0.001,3032
30740,114,-274.7535,-231.2782,0.739,0.0049,-0.0031,3033
30741,114,-233.661,-229.3546,-3.9332,0.001,-0.001,910
30742,114,-286.5641,-232.5814,0.7398,0.8513,-0.1346,3031
30743,114,-237.7668,-235.1501,-3.9329,0.3362,-0.378,908
30744,114,-282.6575,-233.7526,0.7394,0.0075,-0.0074,3032
30745,114,-293.3389,-238.7826,0.7422,1.5415,-0.7211,384
30746,114,-277.9622,-238.9446,0.7394,0.0243,-0.0293,3034
30747,114,-235.3049,-232.6713,-3.9328,0.3012,-0.3227,909
30748,114,-231.8363,-241.1481,2.3506,0.8864,-0.3637,908
30749,114,-228.3766,-234.6988,-3.9323,0.0196,-0.0193,910
30750,114,-300.6285,-245.4687,0.7422,2.234,0.0275,384
30717,115,-321.948,-143.6339,2.3767,15.1621,-0.3393,1443
30718,115,-261.3032,-223.7711,0.7385,0.0,0.0,3039
30719,115,-244.214,-218.6924,-3.929,0.0,0.0,914
30720,115,-304.6589,-165.0787,2.3766,14.1206,0.4054,1442
30721,115,-291.7622,-172.6054,2.3766,11.6142,-0.2401,1443
30722,115,-263.6594,-221.1842,0.735,0.0,0.0,3038
30723,115,-266.0175,-218.5964,0.7361,0.0,0.0,3037
30724,115,-290.9941,-178.1955,2.3766,13.2367,-0.0143,1442
30726,115,-305.8026,-168.8257,2.3764,12.8607,0.0254,1441
30727,115,-246.0844,-221.7653,-3.9326,0.0,0.0,913
30728,115,-243.275,-229.5792,-3.9318,0.0581,-0.0671,912
30729,115,-248.5887,-224.2094,-3.933,0.0,0.0,912
30730,115,-240.7854,-227.1227,-3.9329,0.0375,-0.0197,913
30731,115,-238.9327,-224.0184,-3.9327,0.0001,-0.0001,914
30732,115,-269.0348,-216.6109,0.7361,0.0,0.0,389
30733,115,-266.8569,-228.8192,0.7399,0.0001,-0.0001,3034
30734,115,-269.2093,-226.2264,0.7387,0.0003,-0.0004,3033
30735,115,-271.5687,-223.641,0.7378,0.0001,-0.0001,3032
30736,115,-274.6191,-221.6832,0.7389,0.0442,-0.0279,3031
30737,115,-280.3559,-226.914,0.7396,0.272,-0.2424,3031
30739,115,-277.1111,-228.6938,0.7397,0.0009,-0.0007,3032
30740,115,-274.7532,-231.2779,0.739,0.0044,-0.0038,3033
30741,115,-233.6611,-229.3546,-3.9332,0.0009,-0.0008,910
30742,115,-286.5047,-232.5272,0.7398,0.7847,-0.7956,3031
30743,115,-237.789,-235.1276,-3.9329,0.3101,-0.2629,908
30744,115,-282.657,-233.7521,0.7394,0.0069,-0.0046,3032
30745,115,-293.2289,-238.6817,0.7422,1.483,-0.4178,384
30746,115,-277.9605,-238.943,0.7394,0.0223,-0.0281,3034
30747,115,-235.3248,-232.6512,-3.9328,0.2752,-0.3217,909
30748,115,-231.8953,-241.0884,2.3506,0.8282,-0.4418,908
30749,115,-228.3779,-234.6975,-3.9323,0.0177,-0.0129,910
30750,115,-300.4678,-245.3214,0.7422,2.1662,-0.5369,384
30717,116,-323.0419,-142.5842,2.3767,15.1852,1.0198,1443
30718,116,-261.3032,-223.7711,0.7385,0.0,0.0,3039
30719,116,-244.214,-218.6924,-3.929,0.0,0.0,914
30720,116,-305.677,-164.1014,2.3766,14.1284,0.6117,1442
30721,116,-292.6,-171.8012,2.3766,11.6085,-0.1427,1443
30722,116,-263.6594,-221.1842,0.735,0.0,0.0,3038
30723,116,-266.0175,-218.5964,0.7361,0.0,0.0,3037
30724,116,-291.9502,-177.2778,2.3766,13.2436,-0.3427,1442
30726,116,-306.7323,-167.9328,2.3764,12.897,0.2784,1441
30727,116,-246.0844,-221.7653,-3.9326,0.0,0.0,913
30728,116,-243.2787,-229.5754,-3.9318,0.0516,-0.0701,912
30729,116,-248.5887,-224.2094,-3.933,0.0,0.0,912
30730,116,-240.7878,-227.1203,-3.9329,0.0335,-0.0369,913
30731,116,-238.9327,-224.0184,-3.9327,0.0001,-0.0,914
30732,116,-269.0348,-216.6109,0.7361,0.0,0.0,389
30733,116,-266.8569,-228.8191,0.7399,0.0001,-0.0001,3034
30734,116,-269.2093,-226.2264,0.7387,0.0003,-0.0003,3033
30735,116,-271.5687,-223.641,0.7378,0.0001,-0.0,3032
30736,116,-274.6161,-221.6805,0.7389,0.0393,-0.0391,3031
30737,116,-280.3371,-226.8969,0.7396,0.2478,-0.2639,3031
30739,116,-277.111,-228.6937,0.7397,0.0008,-0.0006,3032
30740,116,-274.7529,-231.2777,0.739,0.004,-0.0048,3033
30741,116,-233.6612,-229.3545,-3.9332,0.0008,-0.0004,910
30742,116,-286.4484,-232.4758,0.7398,0.7424,-0.7712,3031
30743,116,-237.8098,-235.1066,-3.9329,0.2925,-0.1201,908
30744,116,-282.6565,-233.7517,0.7394,0.0063,-0.0041,3032
30745,116,-293.1219,-238.5835,0.7422,1.4454,-0.2481,384
30746,116,-277.959,-238.9416,0.7394,0.0206,-0.0119,3034
30747,116,-235.343,-232.6327,-3.9328,0.2564,-0.1397,909
30748,116,-231.9523,-241.0308,2.3506,0.7995,-0.4347,908
30749,116,-228.379,-234.6964,-3.9323,0.016,-0.016,910
30750,116,-300.3115,-245.178,0.7422,2.1146,-0.2881,384
30717,117,-324.1332,-141.537,2.3767,15.126,0.0927,1443
30718,117,-261.3032,-223.7711,0.7385,0.0,0.0,3039
30719,117,-244.214,-218.6924,-3.929,0.0,0.0,914
30720,117,-306.695,-163.1243,2.3766,14.1207,0.4182,1442
30721,117,-293.4404,-170.9945,2.3766,11.6488,0.0269,1443
30722,117,-263.6594,-221.1842,0.735,0.0,0.0,3038
30723,117,-266.0175,-218.5964,0.7361,0.0,0.0,3037
30724,117,-292.9093,-176.3573,2.3766,13.2766,-0.7107,1442
30726,117,-307.6626,-167.0394,2.3764,12.8904,-0.336,1441
30727,117,-246.0844,-221.7653,-3.9326,0.0,0.0,913
30728,117,-243.2822,-229.572,-3.9318,0.047,-0.0653,912
30729,117,-248.5887,-224.2094,-3.933,0.0,0.0,912
30730,117,-240.79,-227.1181,-3.9329,0.0302,-0.0305,913
30731,117,-238.9327,-224.0184,-3.9327,0.0,-0.0001,914
30732,117,-269.0348,-216.6109,0.7361,0.0,0.0,389
30733,117,-266.8569,-228.8191,0.7399,0.0001,-0.0001,3034
30734,117,-269.2093,-226.2264,0.7387,0.0003,-0.0002,3033
30735,117,-271.5687,-223.641,0.7378,0.0001,-0.0001,3032
30736,117,-274.6134,-221.6781,0.7389,0.0355,-0.038,3031
30737,117,-280.3197,-226.881,0.7396,0.2311,-0.1587,3031
30739,117,-277.111,-228.6937,0.7397,0.0007,-0.001,3032
30740,117,-274.7526,-231.2774,0.739,0.0037,-0.003,3033
30741,117,-233.6612,-229.3545,-3.9332,0.0007,-0.0011,910
30742,117,-286.3956,-232.4276,0.7398,0.7106,-0.165,3031
30743,117,-237.829,-235.0872,-3.9329,0.2684,-0.1942,908
30744,117,-282.656,-233.7513,0.7394,0.0057,-0.0046,3032
30745,117,-293.0204,-238.4904,0.7422,1.3559,-0.859,384
30746,117,-277.9576,-238.9403,0.7394,0.0186,-0.0191,3034
30747,117,-235.3598,-232.6157,-3.9328,0.2331,-0.2663,909
30748,117,-232.006,-240.9765,2.3506,0.7534,-0.3876,908
30749,117,-228.3801,-234.6953,-3.9323,0.0146,-0.0174,910
30750,117,-300.1612,-245.0401,0.7422,2.0185,-0.8296,384
30717,118,-325.2245,-140.4897,2.3767,15.1226,-0.083,1443
30718,118,-261.3032,-223.7711,0.7385,0.0,0.0,3039
30719,118,-244.214,-218.6924,-3.929,0.0,0.0,914
30720,118,-307.7135,-162.1468,2.3767,14.1006,-0.6485,1442
30721,118,-294.2788,-170.1897,2.3766,11.614,-0.2893,1443
30722,118,-263.6594,-221.1842,0.735,0.0,0.0,3038
30723,118,-266.0175,-218.5964,0.7361,0.0,0.0,3037
30724,118,-293.8715,-175.4336,2.3766,13.3436,0.2072,1442
30726,118,-308.5927,-166.1463,2.3764,12.8896,-0.1896,1441
30727,118,-246.0844,-221.7653,-3.9326,0.0,0.0,913
30728,118,-243.2852,-229.5689,-3.9318,0.0422,-0.0469,912
30729,118,-248.5887,-224.2094,-3.933,0.0,0.0,912
30730,118,-240.792,-227.1161,-3.9329,0.0273,-0.0215,913
30731,118,-238.9327,-224.0184,-3.9327,0.0,-0.0,914
30732,118,-269.0348,-216.6109,0.7361,0.0,0.0,389
30733,118,-266.8569,-228.8191,0.7399,0.0001,-0.0001,3034
30734,118,-269.2093,-226.2264,0.7387,0.0002,-0.0002,3033
30735,118,-271.5687,-223.641,0.7378,0.0001,-0.0001,3032
30736,118,-274.611,-221.6759,0.7389,0.0324,-0.0225,3031
30737,118,-280.3038,-226.8665,0.7396,0.2092,-0.2524,3031
30739,118,-277.1109,-228.6936,0.7397,0.0006,-0.0009,3032
30740,118,-274.7523,-231.2772,0.739,0.0034,-0.002,3033
30741,118,-233.6613,-229.3544,-3.9332,0.0007,-0.0006,910
30742,118,-286.3458,-232.3821,0.7398,0.668,-0.2809,3031
30743,118,-237.8467,-235.0692,-3.9329,0.2479,-0.2006,908
30744,118,-282.6556,-233.7509,0.7394,0.0052,-0.0062,3032
30745,118,-292.922,-238.4002,0.7422,1.3188,-0.6354,384
30746,118,-277.9563,-238.9391,0.7394,0.0171,-0.013,3034
30747,118,-235.3754,-232.5999,-3.9328,0.219,-0.1205,909
30748,118,-232.0561,-240.9258,2.3506,0.6994,-0.5311,908
30749,118,-228.3811,-234.6943,-3.9323,0.0132,-0.0108,910
30750,118,-300.0157,-244.9066,0.7422,1.963,-0.4502,384
30717,119,-326.3174,-139.4408,2.3767,15.1325,-0.5666,1443
30718,119,-261.3032,-223.7711,0.7385,0.0,0.0,3039
30719,119,-244.214,-218.6924,-3.929,0.0,0.0,914
30720,119,-308.7316,-161.1696,2.3767,14.1168,0.1892,1442
30721,119,-295.1165,-169.3856,2.3766,11.6123,0.0603,1443
30722,119,-263.6594,-221.1842,0.735,0.0,0.0,3038
30723,119,-266.0175,-218.5964,0.7361,0.0,0.0,3037
30724,119,-294.8327,-174.511,2.3766,13.3248,0.0521,1442
30726,119,-309.5221,-165.2542,2.3766,12.8957,0.5129,1441
30727,119,-246.0844,-221.7653,-3.9326,0.0,0.0,913
30728,119,-243.288,-229.5661,-3.9318,0.0382,-0.0439,912
30729,119,-248.5887,-224.2094,-3.933,0.0,0.0,912
30730,119,-240.7938,-227.1143,-3.9329,0.025,-0.0193,913
30731,119,-238.9327,-224.0184,-3.9327,0.0,-0.0,914
30732,119,-269.0348,-216.6109,0.7361,0.0,0.0,389
30733,119,-266.8569,-228.8191,0.7399,0.0001,-0.0001,3034
30734,119,-269.2093,-226.2263,0.7387,0.0002,-0.0003,3033
30735,119,-271.5687,-223.641,0.7378,0.0,-0.0001,3032
30736,119,-274.6088,-221.6738,0.7389,0.0289,-0.0382,3031
30737,119,-280.2891,-226.853,0.7396,0.1943,-0.2077,3031
30739,119,-277.1109,-228.6936,0.7397,0.0006,-0.0005,3032
30740,119,-274.7521,-231.277,0.739,0.003,-0.0036,3033
30741,119,-233.6613,-229.3544,-3.9332,0.0006,-0.0005,910
30742,119,-286.2988,-232.3393,0.7398,0.6291,-0.2552,3031
30743,119,-237.8629,-235.0528,-3.9329,0.224,-0.2749,908
30744,119,-282.6553,-233.7506,0.7394,0.0048,-0.0041,3032
30745,119,-292.8274,-238.3134,0.7422,1.2659,-0.7183,384
30746,119,-277.9551,-238.938,0.7394,0.0157,-0.0175,3034
30747,119,-235.3897,-232.5854,-3.9328,0.1977,-0.2399,909
30748,119,-232.1037,-240.8778,2.3506,0.6725,-0.1537,908
30749,119,-228.3819,-234.6935,-3.9323,0.0121,-0.0088,910
30750,119,-299.8728,-244.7756,0.7422,1.9247,-0.5274,384
30717,120,-327.409,-138.3934,2.3767,15.1338,0.2654,1443
30718,120,-261.3032,-223.7711,0.7385,0.0,0.0,3039
30719,120,-244.214,-218.6924,-3.929,0.0,0.0,914
30720,120,-309.7494,-160.1928,2.3767,14.1031,-0.1811,1442
30721,120,-295.9556,-168.5801,2.3766,11.6293,-0.0178,1443
30722,120,-263.6594,-221.1842,0.735,0.0,0.0,3038
30723,120,-266.0175,-218.5964,0.7361,0.0,0.0,3037
30724,120,-295.7992,-173.5832,2.3766,13.4017,0.1559,1442
30726,120,-310.4515,-164.3622,2.3767,12.8681,-0.5852,1441
30727,120,-246.0844,-221.7653,-3.9326,0.0,0.0,913
30728,120,-243.2905,-229.5635,-3.9318,0.0346,-0.0437,912
30729,120,-248.5887,-224.2094,-3.933,0.0,0.0,912
30730,120,-240.7954,-227.1127,-3.9329,0.022,-0.0293,913
30731,120,-238.9327,-224.0184,-3.9327,0.0,-0.0,914
30732,120,-269.0348,-216.6109,0.7361,0.0,0.0,389
30733,120,-266.8568,-228.8191,0.7399,0.0001,-0.0001,3034
30734,120,-269.2092,-226.2263,0.7387,0.0002,-0.0001,3033
30735,120,-271.5687,-223.641,0.7378,0.0,-0.0,3032
30736,120,-274.6068,-221.672,0.7389,0.0266,-0.0271,3031
30737,120,-280.2755,-226.8407,0.7396,0.1801,-0.1201,3031
30739,120,-277.1108,-228.6935,0.7397,0.0005,-0.0004,3032
30740,120,-274.7519,-231.2768,0.739,0.0027,-0.003,3033
30741,120,-233.6614,-229.3543,-3.9332,0.0005,-0.0006,910
30742,120,-286.2548,-232.2991,0.7398,0.5899,-0.2553,3031
30743,120,-237.8778,-235.0378,-3.9329,0.2073,-0.1844,908
30744,120,-282.6549,-233.7503,0.7394,0.0044,-0.0033,3032
30745,120,-292.7368,-238.2303,0.7422,1.2167,-0.503,384
30746,120,-277.954,-238.937,0.7394,0.0145,-0.0113,3034
30747,120,-235.4028,-232.5722,-3.9328,0.1819,-0.1663,909
30748,120,-232.1486,-240.8324,2.3506,0.636,-0.0943,908
30749,120,-228.3827,-234.6927,-3.9323,0.0109,-0.0128,910
30750,120,-299.734,-244.6483,0.7422,1.8606,-0.9454,384
30718,121,-261.3032,-223.7711,0.7385,0.0,0.0,3039
30719,121,-244.214,-218.6924,-3.929,0.0,0.0,914
30720,121,-310.7683,-159.215,2.3767,14.1144,-0.2953,1442
30721,121,-296.7937,-167.7756,2.3766,11.6193,0.0914,1443
30722,121,-263.6594,-221.1842,0.735,0.0,0.0,3038
30723,121,-266.0175,-218.5964,0.7361,0.0,0.0,3037
30724,121,-296.7637,-172.6574,2.3766,13.3834,0.5833,1442
30726,121,-311.3813,-163.4701,2.3768,12.8599,-1.0216,1441
30727,121,-246.0844,-221.7653,-3.9326,0.0,0.0,913
30728,121,-243.2928,-229.5612,-3.9318,0.0315,-0.0255,912
30729,121,-248.5887,-224.2094,-3.933,0.0,0.0,912
30730,121,-240.7968,-227.1112,-3.9329,0.02,-0.0176,913
30731,121,-238.9327,-224.0184,-3.9327,0.0,-0.0,914
30732,121,-269.0348,-216.6109,0.7361,0.0,0.0,389
30733,121,-266.8568,-228.8191,0.7399,0.0001,-0.0001,3034
30734,121,-269.2092,-226.2263,0.7387,0.0001,-0.0002,3033
30735,121,-271.5687,-223.641,0.7378,0.0,-0.0001,3032
30736,121,-274.605,-221.6704,0.7389,0.0236,-0.0226,3031
30737,121,-280.2633,-226.8295,0.7396,0.1631,-0.1059,3031
30739,121,-277.1108,-228.6935,0.7397,0.0005,-0.0004,3032
30740,121,-274.7517,-231.2766,0.739,0.0025,-0.0015,3033
30741,121,-233.6614,-229.3543,-3.9332,0.0005,-0.0006,910
30742,121,-286.2137,-232.2615,0.7398,0.5469,-0.3775,3031
30743,121,-237.8914,-235.024,-3.933,0.1913,-0.1222,908
30744,121,-282.6546,-233.75,0.7394,0.004,-0.0039,3032
30745,121,-292.6511,-238.1518,0.7422,1.1441,-0.7013,384
30746,121,-277.953,-238.9361,0.7394,0.0131,-0.0109,3034
30747,121,-235.4147,-232.5601,-3.9328,0.1652,-0.2044,909
30748,121,-232.1909,-240.7895,2.3506,0.5896,-0.5189,908
30749,121,-228.3834,-234.6919,-3.9323,0.01,-0.0071,910
30750,121,-299.5995,-244.525,0.7422,1.7976,-1.0406,384
30718,122,-261.3032,-223.7711,0.7385,0.0,0.0,3039
30719,122,-244.214,-218.6924,-3.929,0.0,0.0,914
30720,122,-311.7855,-158.2388,2.3767,14.1082,0.3622,1442
30721,122,-297.6322,-166.9707,2.3766,11.6253,0.1323,1443
30722,122,-263.6594,-221.1842,0.735,0.0,0.0,3038
30723,122,-266.0175,-218.5964,0.7361,0.0,0.0,3037
30724,122,-297.7305,-171.7294,2.3766,13.3809,-0.8322,1442
30726,122,-312.3106,-162.5785,2.3768,12.8642,-0.5828,1441
30727,122,-246.0844,-221.7653,-3.9326,0.0,0.0,913
30728,122,-243.2948,-229.5591,-3.9318,0.0288,-0.0298,912
30729,122,-248.5887,-224.2094,-3.933,0.0,0.0,912
30730,122,-240.7981,-227.1099,-3.9329,0.018,-0.0268,913
30731,122,-238.9327,-224.0184,-3.9327,0.0,-0.0,914
30732,122,-269.0348,-216.6109,0.7361,0.0,0.0,389
30733,122,-266.8568,-228.8191,0.7399,0.0001,-0.0001,3034
30734,122,-269.2092,-226.2263,0.7387,0.0001,-0.0001,3033
30735,122,-271.5687,-223.641,0.7378,0.0,-0.0,3032
30736,122,-274.6034,-221.6689,0.7389,0.0216,-0.0138,3031
30737,122,-280.2519,-226.8191,0.7396,0.1503,-0.1412,3031
30739,122,-277.1107,-228.6935,0.7397,0.0004,-0.0004,3032
30740,122,-274.7515,-231.2764,0.739,0.0023,-0.0013,3033
30741,122,-233.6614,-229.3542,-3.9332,0.0004,-0.0003,910
30742,122,-286.1747,-232.226,0.7399,0.5182,-0.381,3031
30743,122,-237.904,-235.0112,-3.933,0.1759,-0.1431,908
30744,122,-282.6543,-233.7498,0.7394,0.0037,-0.0024,3032
30745,122,-292.5693,-238.0767,0.7422,1.1065,-0.1356,384
30746,122,-277.9521,-238.9353,0.7394,0.0119,-0.0118,3034
30747,122,-235.4257,-232.549,-3.9328,0.1535,-0.0986,909
30748,122,-232.231,-240.749,2.3506,0.5613,-0.3513,908
30749,122,-228.3841,-234.6913,-3.9323,0.009,-0.0093,910
30750,122,-299.4699,-244.4061,0.7422,1.7295,-1.1697,384
30718,123,-261.3032,-223.7711,0.7385,0.0,0.0,3039
30719,123,-244.214,-218.6924,-3.929,0.0,0.0,914
30720,123,-312.8041,-157.2613,2.3767,14.1226,0.1834,1442
30721,123,-298.4705,-166.1661,2.3766,11.6106,-0.3324,1443
30722,123,-263.6594,-221.1842,0.735,0.0,0.0,3038
30723,123,-266.0175,-218.5964,0.7361,0.0,0.0,3037
30724,123,-298.6984,-170.8003,2.3766,13.4327,0.6164,1442
30726,123,-313.2397,-161.6871,2.3769,12.8894,0.5565,1441
30727,123,-246.0844,-221.7653,-3.9326,0.0,0.0,913
30728,123,-243.2967,-229.5573,-3.9318,0.0259,-0.021,912
30729,123,-248.5887,-224.2094,-3.933,0.0,0.0,912
30730,123,-240.7993,-227.1087,-3.9329,0.0164,-0.0174,913
30731,123,-238.9327,-224.0184,-3.9327,0.0,-0.0,914
30732,123,-269.0348,-216.6109,0.7361,0.0,0.0,389
30733,123,-266.8568,-228.8191,0.7399,0.0001,-0.0001,3034
30734,123,-269.2092,-226.2263,0.7387,0.0001,-0.0001,3033
30735,123,-271.5687,-223.641,0.7378,0.0,-0.0,3032
30736,123,-274.6019,-221.6676,0.7389,0.0192,-0.0291,3031
30737,123,-280.2416,-226.8097,0.7396,0.138,-0.0746,3031
30739,123,-277.1107,-228.6934,0.7397,0.0004,-0.0005,3032
30740,123,-274.7514,-231.2763,0.739,0.0021,-0.0014,3033
30741,123,-233.6615,-229.3542,-3.9332,0.0004,-0.0004,910
30742,123,-286.1395,-232.1916,0.7392,0.4881,-0.1143,3031
30743,123,-237.9154,-234.9996,-3.933,0.1597,-0.1306,908
30744,123,-282.6541,-233.7495,0.7394,0.0034,-0.0045,3032
30745,123,-292.4907,-238.0047,0.7422,1.0523,-0.5625,384
30746,123,-277.9513,-238.9346,0.7394,0.011,-0.0088,3034
30747,123,-235.4356,-232.539,-3.9328,0.139,-0.0976,909
30748,123,-232.2685,-240.711,2.3506,0.5252,-0.3389,908
30749,123,-228.3847,-234.6907,-3.9323,0.0081,-0.0089,910
30750,123,-299.3447,-244.2912,0.7422,1.6803,-0.7564,384
30718,124,-261.3032,-223.7711,0.7385,0.0,0.0,3039
30719,124,-244.214,-218.6924,-3.929,0.0,0.0,914
30720,124,-313.8212,-156.2851,2.3767,14.1032,0.2253,1442
30721,124,-299.3104,-165.3598,2.3766,11.6409,-0.0412,1443
30722,124,-263.6594,-221.1842,0.735,0.0,0.0,3038
30723,124,-266.0175,-218.5964,0.7361,0.0,0.0,3037
30724,124,-299.6692,-169.8684,2.3766,13.4433,-0.5635,1442
30726,124,-314.1711,-160.7936,2.3769,12.9123,0.2081,1441
30727,124,-246.0844,-221.7653,-3.9326,0.0,0.0,913
30728,124,-243.2984,-229.5556,-3.9318,0.0231,-0.0281,912
30729,124,-248.5887,-224.2094,-3.933,0.0,0.0,912
30730,124,-240.8004,-227.1076,-3.9329,0.0147,-0.0195,913
30731,124,-238.9327,-224.0184,-3.9327,0.0,-0.0,914
30732,124,-269.0348,-216.6109,0.7361,0.0,0.0,389
30733,124,-266.8568,-228.8191,0.7399,0.0001,-0.0001,3034
30734,124,-269.2092,-226.2263,0.7387,0.0001,-0.0002,3033
30735,124,-271.5687,-223.641,0.7378,0.0,-0.0,3032
30736,124,-274.6005,-221.6663,0.7389,0.0177,-0.0165,3031
30737,124,-280.2321,-226.801,0.7396,0.1266,-0.0671,3031
30739,124,-277.1107,-228.6934,0.7397,0.0003,-0.0004,3032
30740,124,-274.7512,-231.2761,0.739,0.0019,-0.0021,3033
30741,124,-233.6615,-229.3542,-3.9332,0.0003,-0.0004,910
30742,124,-286.1059,-232.1609,0.7392,0.4446,-0.429,3031
30743,124,-237.9261,-234.9889,-3.933,0.1477,-0.1505,908
30744,124,-282.6538,-233.7493,0.7394,0.0031,-0.0029,3032
30745,124,-292.4164,-237.9365,0.7422,0.9969,-0.4558,384
30746,124,-277.9505,-238.9339,0.7394,0.0099,-0.0123,3034
30747,124,-235.4448,-232.5296,-3.9328,0.1287,-0.1166,909
30748,124,-232.3039,-240.6753,-3.9325,0.4944,-0.3072,908
30749,124,-228.3852,-234.6901,-3.9323,0.0074,-0.0072,910
30750,124,-299.224,-244.1805,0.7422,1.6223,-0.6006,384
30718,125,-261.3032,-223.7711,0.7385,0.0,0.0,3039
30719,125,-244.214,-218.6924,-3.929,0.0,0.0,914
30720,125,-314.8387,-155.3087,2.3767,14.0974,-0.1874,1442
30721,125,-300.1495,-164.5543,2.3766,11.6111,-0.8062,1443
30722,125,-263.6594,-221.1842,0.735,0.0,0.0,3038
30723,125,-266.0175,-218.5964,0.7361,0.0,0.0,3037
30724,125,-300.6412,-168.9354,2.3766,13.4974,0.9815,1442
30726,125,-315.1006,-159.9019,2.3769,12.886,0.21,1441
30727,125,-246.0844,-221.7653,-3.9326,0.0,0.0,913
30728,125,-243.2999,-229.554,-3.9318,0.0211,-0.0198,912
30729,125,-248.5887,-224.2094,-3.933,0.0,0.0,912
30730,125,-240.8014,-227.1066,-3.9329,0.0134,-0.013,913
30731,125,-238.9327,-224.0184,-3.9327,0.0,-0.0,914
30732,125,-269.0348,-216.6109,0.7361,0.0,0.0,389
30733,125,-266.8568,-228.8191,0.7399,0.0001,-0.0001,3034
30734,125,-269.2092,-226.2263,0.7387,0.0001,-0.0001,3033
30735,125,-271.5687,-223.641,0.7378,0.0,-0.0,3032
30736,125,-274.5993,-221.6652,0.7389,0.0159,-0.0173,3031
30737,125,-280.2233,-226.7931,0.7396,0.1153,-0.1183,3031
30739,125,-277.1107,-228.6934,0.7397,0.0003,-0.0003,3032
30740,125,-274.7511,-231.276,0.739,0.0017,-0.0024,3033
30741,125,-233.6615,-229.3542,-3.9332,0.0003,-0.0002,910
30742,125,-286.0745,-232.1323,0.7392,0.4153,-0.3675,3031
30743,125,-237.9358,-234.979,-3.933,0.1377,-0.0645,908
30744,125,-282.6536,-233.7491,0.7394,0.0028,-0.0021,3032
30745,125,-292.3451,-237.8711,0.7422,0.9514,-0.6514,384
30746,125,-277.9498,-238.9332,0.7394,0.0092,-0.0063,3034
30747,125,-235.4532,-232.5212,-3.9328,0.1173,-0.0806,909
30748,125,-232.3365,-240.6423,-3.9325,0.4593,-0.2206,908
30749,125,-228.3857,-234.6896,-3.9323,0.0068,-0.0062,910
30750,125,-299.1068,-244.073,0.7422,1.5723,-0.7221,384
30718,126,-261.3032,-223.7711,0.7385,0.0,0.0,3039
30719,126,-244.214,-218.6924,-3.929,0.0,0.0,914
30720,126,-315.8582,-154.3303,2.3767,14.1295,-0.0469,1442
30721,126,-300.9886,-163.7489,2.3766,11.6214,-0.3375,1443
30722,126,-263.6594,-221.1842,0.735,0.0,0.0,3038
30723,126,-266.0175,-218.5964,0.7361,0.0,0.0,3037
30724,126,-301.6155,-168.0001,2.3766,13.5421,1.4546,1442
30726,126,-316.0292,-159.0111,2.3769,12.8596,-0.3792,1441
30727,126,-246.0844,-221.7653,-3.9326,0.0,0.0,913
30728,126,-243.3013,-229.5526,-3.9318,0.0188,-0.028,912
30729,126,-248.5887,-224.2094,-3.933,0.0,0.0,912
30730,126,-240.8023,-227.1057,-3.9329,0.012,-0.0134,913
30731,126,-238.9327,-224.0184,-3.9327,0.0,-0.0,914
30732,126,-269.0348,-216.6109,0.7361,0.0,0.0,389
30733,126,-266.8568,-228.8191,0.7399,0.0001,-0.0001,3034
30734,126,-269.2092,-226.2263,0.7387,0.0001,-0.0001,3033
30735,126,-271.5687,-223.641,0.7378,0.0,-0.0,3032
30736,126,-274.5982,-221.6642,0.7389,0.0144,-0.0085,3031
30737,126,-280.2154,-226.7858,0.7396,0.1059,-0.0765,3031
30739,126,-277.1106,-228.6934,0.7397,0.0003,-0.0003,3032
30740,126,-274.751,-231.2759,0.739,0.0016,-0.0009,3033
30741,126,-233.6615,-229.3541,-3.9332,0.0003,-0.0002,910
30742,126,-286.0451,-232.1055,0.7392,0.3892,-0.3393,3031
30743,126,-237.9448,-234.9699,-3.933,0.1252,-0.1062,908
30744,126,-282.6534,-233.7489,0.7394,0.0026,-0.0036,3032
30745,126,-292.2773,-237.8089,0.7422,0.9017,-0.7186,384
30746,126,-277.9492,-238.9327,0.7394,0.0084,-0.0066,3034
30747,126,-235.4609,-232.5134,-3.9328,0.107,-0.0875,909
30748,126,-232.3674,-240.6111,-3.9325,0.4336,-0.1993,908
30749,126,-228.3862,-234.6892,-3.9323,0.0062,-0.0037,910
30750,126,-298.9945,-243.97,0.7422,1.5119,-0.4507,384
30718,127,-261.3032,-223.7711,0.7385,0.0,0.0,3039
30719,127,-244.214,-218.6924,-3.929,0.0,0.0,914
30720,127,-316.877,-153.3526,2.3767,14.1322,0.4512,1442
30721,127,-301.8272,-162.9439,2.3766,11.6135,-0.3922,1443
30722,127,-263.6594,-221.1842,0.735,0.0,0.0,3038
30723,127,-266.0175,-218.5964,0.7361,0.0,0.0,3037
30724,127,-302.5926,-167.0622,2.3766,13.538,-0.2717,1442
30726,127,-316.9602,-158.1181,2.3769,12.9097,0.3752,1441
30727,127,-246.0844,-221.7653,-3.9326,0.0,0.0,913
30728,127,-243.3025,-229.5514,-3.9318,0.0171,-0.0211,912
30729,127,-248.5887,-224.2094,-3.933,0.0,0.0,912
30730,127,-240.803,-227.1049,-3.9329,0.0108,-0.0136,913
30731,127,-238.9327,-224.0184,-3.9327,0.0,-0.0,914
30732,127,-269.0348,-216.6109,0.7361,0.0,0.0,389
30733,127,-266.8568,-228.8191,0.7399,0.0,-0.0,3034
30734,127,-269.2092,-226.2263,0.7387,0.0001,-0.0001,3033
30735,127,-271.5687,-223.641,0.7378,0.0,-0.0,3032
30736,127,-274.5973,-221.6634,0.7389,0.0129,-0.0136,3031
30737,127,-280.2081,-226.7792,0.7396,0.0962,-0.0917,3031
30739,127,-277.1106,-228.6934,0.7397,0.0002,-0.0003,3032
30740,127,-274.7508,-231.2758,0.739,0.0014,-0.0011,3033
30741,127,-233.6616,-229.3541,-3.9332,0.0002,-0.0003,910
30742,127,-286.0175,-232.0804,0.7392,0.3647,-0.3459,3031
30743,127,-237.953,-234.9616,-3.933,0.1147,-0.0764,908
30744,127,-282.6533,-233.7488,0.7394,0.0024,-0.0018,3032
30745,127,-292.2129,-237.7498,0.7422,0.8647,-0.3667,384
30746,127,-277.9486,-238.9321,0.7394,0.0077,-0.0037,3034
30747,127,-235.4679,-232.5063,-3.9328,0.0966,-0.1235,909
30748,127,-232.3965,-240.5816,-3.9325,0.4055,-0.3562,908
30749,127,-228.3866,-234.6888,-3.9323,0.0056,-0.0061,910
30750,127,-298.8848,-243.8694,0.7422,1.4823,-0.2626,384
30718,128,-261.3032,-223.7711,0.7385,0.0,0.0,3039
30719,128,-244.214,-218.6924,-3.929,0.0,0.0,914
30720,128,-317.8955,-152.3752,2.3767,14.1103,-0.2526,1442
30721,128,-302.6655,-162.1392,2.3766,11.6106,-0.355,1443
30722,128,-263.6594,-221.1842,0.735,0.0,0.0,3038
30723,128,-266.0175,-218.5964,0.7361,0.0,0.0,3037
30724,128,-303.5704,-166.1236,2.3766,13.554,0.0149,1442
30726,128,-317.8907,-157.2254,2.3769,12.8769,-0.7184,1441
30727,128,-246.0844,-221.7653,-3.9326,0.0,0.0,913
30728,128,-243.3036,-229.5502,-3.9318,0.0156,-0.0132,912
30729,128,-248.5887,-224.2094,-3.933,0.0,0.0,912
30730,128,-240.8038,-227.1042,-3.9329,0.01,-0.0067,913
30731,128,-238.9327,-224.0184,-3.9327,0.0,-0.0,914
30732,128,-269.0348,-216.6109,0.7361,0.0,0.0,389
30733,128,-266.8568,-228.8191,0.7399,0.0,-0.0,3034
30734,128,-269.2092,-226.2262,0.7387,0.0001,-0.0001,3033
30735,128,-271.5687,-223.641,0.7378,0.0,-0.0,3032
30736,128,-274.5964,-221.6625,0.7389,0.0116,-0.0155,3031
30737,128,-280.2014,-226.773,0.7396,0.0882,-0.1191,3031
30739,128,-277.1106,-228.6933,0.7397,0.0002,-0.0002,3032
30740,128,-274.7507,-231.2757,0.739,0.0013,-0.0012,3033
30741,128,-233.6616,-229.3541,-3.9332,0.0002,-0.0002,910
30742,128,-285.9917,-232.0569,0.7393,0.3438,-0.209,3031
30743,128,-237.9605,-234.954,-3.933,0.1049,-0.0808,908
30744,128,-282.6531,-233.7486,0.7394,0.0022,-0.0022,3032
30745,128,-292.1512,-237.6932,0.7422,0.8295,-0.2993,384
30746,128,-277.9481,-238.9316,0.7394,0.0071,-0.0056,3034
30747,128,-235.4743,-232.4998,-3.9328,0.0884,-0.109,909
30748,128,-232.4234,-240.5545,-3.9325,0.3768,-0.2172,908
30749,128,-228.3869,-234.6884,-3.9323,0.0051,-0.0031,910
30750,128,-298.7805,-243.7738,0.7422,1.4004,-0.5677,384
30718,129,-261.3032,-223.7711,0.7385,0.0,0.0,3039
30719,129,-244.214,-218.6924,-3.929,0.0,0.0,914
30720,129,-318.9133,-151.3984,2.3767,14.1119,0.1897,1442
30721,129,-303.5045,-161.3338,2.3766,11.6435,0.5634,1443
30722,129,-263.6594,-221.1842,0.735,0.0,0.0,3038
30723,129,-266.0175,-218.5964,0.7361,0.0,0.0,3037
30724,129,-304.547,-165.1861,2.3766,13.5402,0.0691,1442
30726,129,-318.8208,-156.3332,2.3769,12.8811,-0.2994,1441
30727,129,-246.0844,-221.7653,-3.9326,0.0,0.0,913
30728,129,-243.3047,-229.5492,-3.9318,0.0138,-0.0167,912
30729,129,-248.5887,-224.2094,-3.933,0.0,0.0,912
30730,129,-240.8044,-227.1035,-3.9329,0.0089,-0.0089,913
30731,129,-238.9327,-224.0184,-3.9327,0.0,-0.0,914
30732,129,-269.0348,-216.6109,0.7361,0.0,0.0,389
30733,129,-266.8568,-228.8191,0.7399,0.0,-0.0,3034
30734,129,-269.2091,-226.2262,0.7387,0.0001,-0.0001,3033
30735,129,-271.5687,-223.641,0.7378,0.0,-0.0,3032
30736,129,-274.5956,-221.6618,0.7389,0.0105,-0.0116,3031
30737,129,-280.1952,-226.7674,0.7396,0.0824,-0.0439,3031
30739,129,-277.1106,-228.6933,0.7397,0.0002,-0.0002,3032
30740,129,-274.7507,-231.2756,0.739,0.0012,-0.0009,3033
30741,129,-233.6616,-229.3541,-3.9332,0.0002,-0.0002,910
30742,129,-285.9679,-232.0351,0.7393,0.3145,-0.3181,3031
30743,129,-237.9675,-234.947,-3.933,0.0963,-0.1116,908
30744,129,-282.6529,-233.7485,0.7394,0.002,-0.0015,3032
30745,129,-292.0929,-237.6397,0.7422,0.779,-0.5056,384
30746,129,-277.9476,-238.9312,0.7394,0.0063,-0.0064,3034
30747,129,-235.4801,-232.494,-3.9328,0.0815,-0.049,909
30748,129,-232.4487,-240.5289,-3.9325,0.3513,-0.3478,908
30749,129,-228.3873,-234.6881,-3.9323,0.0046,-0.0046,910
30750,129,-298.6799,-243.6815,0.7422,1.3599,-0.2049,384
30718,130,-261.3032,-223.7711,0.7385,0.0,0.0,3039
30719,130,-244.214,-218.6924,-3.929,0.0,0.0,914
30720,130,-319.931,-150.4218,2.3767,14.1048,0.0094,1442
30721,130,-304.344,-160.5281,2.3766,11.6194,-0.6322,1443
30722,130,-263.6594,-221.1842,0.735,0.0,0.0,3038
30723,130,-266.0175,-218.5964,0.7361,0.0,0.0,3037
30724,130,-305.525,-164.2473,2.3766,13.5705,0.5382,1442
30726,130,-319.7516,-155.4403,2.3769,12.894,-0.1722,1441
30727,130,-246.0844,-221.7653,-3.9326,0.0,0.0,913
30728,130,-243.3056,-229.5483,-3.9318,0.0126,-0.0094,912
30729,130,-248.5887,-224.2094,-3.933,0.0,0.0,912
30730,130,-240.805,-227.103,-3.9329,0.0081,-0.0087,913
30731,130,-238.9327,-224.0184,-3.9327,0.0,-0.0,914
30732,130,-269.0348,-216.6109,0.7361,0.0,0.0,389
30733,130,-266.8568,-228.8191,0.7399,0.0,-0.0,3034
30734,130,-269.2091,-226.2262,0.7387,0.0001,-0.0001,3033
30735,130,-271.5687,-223.641,0.7378,0.0,-0.0,3032
30736,130,-274.5949,-221.6612,0.7389,0.0095,-0.0075,3031
30737,130,-280.1895,-226.7622,0.7396,0.0752,-0.0704,3031
30739,130,-277.1106,-228.6933,0.7397,0.0002,-0.0001,3032
30740,130,-274.7506,-231.2756,0.739,0.001,-0.0012,3033
30741,130,-233.6616,-229.3541,-3.9332,0.0002,-0.0002,910
30742,130,-285.9456,-232.0148,0.7393,0.2958,-0.2288,3031
30743,130,-237.9738,-234.9405,-3.933,0.0882,-0.1074,908
30744,130,-282.6528,-233.7483,0.7394,0.0018,-0.0022,3032
30745,130,-292.0376,-237.589,0.7422,0.739,-0.4205,384
30746,130,-277.9471,-238.9308,0.7394,0.0058,-0.0074,3034
30747,130,-235.4854,-232.4886,-3.9328,0.0736,-0.0984,909
30748,130,-232.4721,-240.5052,-3.9325,0.3296,-0.1406,908
30749,130,-228.3876,-234.6877,-3.9323,0.0041,-0.0045,910
30750,130,-298.5816,-243.5913,0.7422,1.3153,-0.7197,384
30718,131,-261.3032,-223.7711,0.7385,0.0,0.0,3039
30719,131,-244.214,-218.6924,-3.929,0.0,0.0,914
30720,131,-320.9487,-149.4451,2.3767,14.1201,0.5405,1442
30721,131,-305.1835,-159.7223,2.3767,11.6464,0.4347,1443
30722,131,-263.6594,-221.1842,0.735,0.0,0.0,3038
30723,131,-266.0175,-218.5964,0.7361,0.0,0.0,3037
30724,131,-306.5038,-163.3078,2.3766,13.5812,0.5814,1442
30726,131,-320.6809,-154.5489,2.3769,12.8768,-0.0402,1441
30727,131,-246.0844,-221.7653,-3.9326,0.0,0.0,913
30728,131,-243.3064,-229.5475,-3.9318,0.0115,-0.0099,912
30729,131,-248.5887,-224.2094,-3.933,0.0,0.0,912
30730,131,-240.8055,-227.1024,-3.9329,0.0073,-0.0086,913
30731,131,-238.9327,-224.0184,-3.9327,0.0,-0.0,914
30732,131,-269.0348,-216.6109,0.7361,0.0,0.0,389
30733,131,-266.8568,-228.8191,0.7399,0.0,-0.0,3034
30734,131,-269.2091,-226.2262,0.7387,0.0001,-0.0001,3033
30735,131,-271.5687,-223.641,0.7378,0.0,-0.0,3032
30736,131,-274.5942,-221.6606,0.7389,0.0086,-0.0071,3031
30737,131,-280.1843,-226.7575,0.7396,0.0688,-0.0379,3031
30739,131,-277.1105,-228.6933,0.7397,0.0002,-0.0002,3032
30740,131,-274.7505,-231.2755,0.739,0.001,-0.0006,3033
30741,131,-233.6616,-229.354,-3.9332,0.0002,-0.0001,910
30742,131,-285.9249,-231.9959,0.7393,0.2774,-0.12,3031
30743,131,-237.9797,-234.9346,-3.933,0.0809,-0.0857,908
30744,131,-282.6527,-233.7482,0.7394,0.0016,-0.0016,3032
30745,131,-291.9855,-237.5412,0.7422,0.6988,-0.3583,384
30746,131,-277.9467,-238.9304,0.7394,0.0053,-0.0074,3034
30747,131,-235.4903,-232.4836,-3.9328,0.0684,-0.0511,909
30748,131,-232.4941,-240.483,-3.9325,0.3049,-0.2611,908
30749,131,-228.3879,-234.6875,-3.9323,0.0038,-0.003,910
30750,131,-298.4877,-243.5052,0.7422,1.2607,-0.5482,384
30718,132,-261.3032,-223.7711,0.7385,0.0,0.0,3039
30719,132,-244.214,-218.6924,-3.929,0.0,0.0,914
30720,132,-321.9678,-148.4671,2.3767,14.1211,-0.1271,1442
30721,132,-306.0232,-158.9164,2.3767,11.6491,0.4567,1443
30722,132,-263.6594,-221.1842,0.735,0.0,0.0,3038
30723,132,-266.0175,-218.5964,0.7361,0.0,0.0,3037
30724,132,-307.4864,-162.3647,2.3767,13.6222,0.0848,1442
30726,132,-321.6108,-153.6568,2.3769,12.8737,-0.5216,1441
30727,132,-246.0844,-221.7653,-3.9326,0.0,0.0,913
30728,132,-243.3071,-229.5467,-3.9318,0.0104,-0.0065,912
30729,132,-248.5887,-224.2094,-3.933,0.0,0.0,912
30730,132,-240.806,-227.1019,-3.9329,0.0065,-0.0087,913
30731,132,-238.9327,-224.0184,-3.9327,0.0,-0.0,914
30732,132,-269.0348,-216.6109,0.7361,0.0,0.0,389
30733,132,-266.8568,-228.8191,0.7399,0.0,-0.0,3034
30734,132,-269.2091,-226.2262,0.7387,0.0001,-0.0001,3033
30735,132,-271.5687,-223.641,0.7378,0.0,-0.0,3032
30736,132,-274.5936,-221.66,0.7389,0.0078,-0.0062,3031
30737,132,-280.1796,-226.7532,0.7396,0.0626,-0.0611,3031
30739,132,-277.1105,-228.6933,0.7397,0.0001,-0.0001,3032
30740,132,-274.7504,-231.2754,0.739,0.0009,-0.0009,3033
30741,132,-233.6616,-229.354,-3.9332,0.0001,-0.0001,910
30742,132,-285.9057,-231.9784,0.7393,0.2546,-0.1915,3031
30743,132,-237.985,-234.9292,-3.933,0.0751,-0.0487,908
30744,132,-282.6525,-233.7481,0.7394,0.0015,-0.0013,3032
30745,132,-291.936,-237.4958,0.7422,0.6614,-0.3799,384
30746,132,-277.9464,-238.9301,0.7394,0.0048,-0.006,3034
30747,132,-235.4948,-232.4791,-3.9329,0.0612,-0.0857,909
30748,132,-232.5143,-240.4625,-3.9325,0.283,-0.219,908
30749,132,-228.3881,-234.6872,-3.9323,0.0034,-0.0024,910
30750,132,-298.398,-243.4229,0.7422,1.1998,-0.6739,384
30718,133,-261.3032,-223.7711,0.7385,0.0,0.0,3039
30719,133,-244.214,-218.6924,-3.929,0.0,0.0,914
30720,133,-322.9852,-147.4908,2.3767,14.103,0.071,1442
30721,133,-306.8619,-158.1116,2.3767,11.6313,0.3414,1443
30722,133,-263.6594,-221.1842,0.735,0.0,0.0,3038
30723,133,-266.0175,-218.5964,0.7361,0.0,0.0,3037
30724,133,-308.4683,-161.4224,2.3767,13.5881,-0.8499,1442
30726,133,-322.5406,-152.7649,2.3769,12.8899,0.2214,1441
30727,133,-246.0844,-221.7653,-3.9326,0.0,0.0,913
30728,133,-243.3078,-229.546,-3.9318,0.0093,-0.011,912
30729,133,-248.5887,-224.2094,-3.933,0.0,0.0,912
30730,133,-240.8064,-227.1015,-3.9329,0.0059,-0.0047,913
30731,133,-238.9327,-224.0184,-3.9327,0.0,-0.0,914
30732,133,-269.0348,-216.6109,0.7361,0.0,0.0,389
30733,133,-266.8568,-228.8191,0.7399,0.0,-0.0,3034
30734,133,-269.2091,-226.2262,0.7387,0.0001,-0.0001,3033
30735,133,-271.5687,-223.641,0.7378,0.0,-0.0,3032
30736,133,-274.5931,-221.6595,0.7389,0.0071,-0.0069,3031
30737,133,-280.1753,-226.7492,0.7396,0.0573,-0.0363,3031
30739,133,-277.1105,-228.6933,0.7397,0.0001,-0.0001,3032
30740,133,-274.7504,-231.2754,0.739,0.0008,-0.0008,3033
30741,133,-233.6616,-229.354,-3.9332,0.0001,-0.0001,910
30742,133,-285.8878,-231.9621,0.7393,0.2369,-0.2392,3031
30743,133,-237.99,-234.9242,-3.933,0.0688,-0.0656,908
30744,133,-282.6524,-233.748,0.7394,0.0014,-0.0014,3032
30745,133,-291.8895,-237.4532,0.7422,0.6232,-0.3054,384
30746,133,-277.946,-238.9298,0.7394,0.0045,-0.0026,3034
30747,133,-235.4988,-232.475,-3.9329,0.0563,-0.0698,909
30748,133,-232.5332,-240.4434,-3.9325,0.2637,-0.1786,908
30749,133,-228.3883,-234.687,-3.9323,0.0031,-0.0021,910
30750,133,-298.3118,-243.3438,0.7422,1.1484,-0.8587,384
30718,134,-261.3032,-223.7711,0.7385,0.0,0.0,3039
30719,134,-244.214,-218.6924,-3.929,0.0,0.0,914
30720,134,-324.0034,-146.5136,2.3767,14.1041,-0.35,1442
30721,134,-307.7008,-157.3065,2.3767,11.6356,0.369,1443
30722,134,-263.6594,-221.1842,0.735,0.0,0.0,3038
30723,134,-266.0175,-218.5964,0.7361,0.0,0.0,3037
30724,134,-309.4513,-160.4789,2.3767,13.6184,-0.2703,1442
30726,134,-323.4701,-151.8733,2.3769,12.8608,-0.7679,1441
30727,134,-246.0844,-221.7653,-3.9326,0.0,0.0,913
30728,134,-243.3084,-229.5454,-3.9318,0.0085,-0.0063,912
30729,134,-248.5887,-224.2094,-3.933,0.0,0.0,912
30730,134,-240.8068,-227.1011,-3.9329,0.0054,-0.0063,913
30731,134,-238.9327,-224.0184,-3.9327,0.0,-0.0,914
30732,134,-269.0348,-216.6109,0.7361,0.0,0.0,389
30733,134,-266.8568,-228.8191,0.7399,0.0,-0.0,3034
30734,134,-269.2091,-226.2262,0.7387,0.0001,-0.0,3033
30735,134,-271.5687,-223.641,0.7378,0.0,-0.0,3032
30736,134,-274.5926,-221.6591,0.7389,0.0062,-0.0072,3031
30737,134,-280.1713,-226.7456,0.7396,0.0528,-0.0388,3031
30739,134,-277.1105,-228.6933,0.7397,0.0001,-0.0001,3032
30740,134,-274.7503,-231.2753,0.739,0.0007,-0.0006,3033
30741,134,-233.6617,-229.354,-3.9332,0.0001,-0.0001,910
30742,134,-285.8711,-231.9469,0.7393,0.2217,-0.154,3031
30743,134,-237.9945,-234.9196,-3.933,0.063,-0.0382,908
30744,134,-282.6523,-233.7479,0.7394,0.0012,-0.0011,3032
30745,134,-291.8453,-237.4126,0.7422,0.59,-0.4155,384
30746,134,-277.9457,-238.9295,0.7394,0.004,-0.0035,3034
30747,134,-235.5026,-232.4712,-3.9329,0.0524,-0.0313,909
30748,134,-232.5511,-240.4254,-3.9325,0.2486,-0.216,908
30749,134,-228.3885,-234.6868,-3.9323,0.0028,-0.0035,910
30750,134,-298.2289,-243.2678,0.7422,1.1074,-0.6859,384
30718,135,-261.3032,-223.7711,0.7385,0.0,0.0,3039
30719,135,-244.214,-218.6924,-3.929,0.0,0.0,914
30720,135,-325.0207,-145.5373,2.3767,14.1139,0.5345,1442
30721,135,-308.5413,-156.4999,2.3767,11.6453,-0.1278,1443
30722,135,-263.6594,-221.1842,0.735,0.0,0.0,3038
30723,135,-266.0175,-218.5964,0.7361,0.0,0.0,3037
30724,135,-310.434,-159.5359,2.3767,13.6255,0.2027,1442
30726,135,-324.4013,-150.98,2.3769,12.9051,0.0288,1441
30727,135,-246.0844,-221.7653,-3.9326,0.0,0.0,913
30728,135,-243.309,-229.5449,-3.9318,0.0076,-0.0053,912
30729,135,-248.5887,-224.2094,-3.933,0.0,0.0,912
30730,135,-240.8072,-227.1008,-3.9329,0.0048,-0.0051,913
30731,135,-238.9327,-224.0184,-3.9327,0.0,-0.0,914
30732,135,-269.0348,-216.6109,0.7361,0.0,0.0,389
30733,135,-266.8568,-228.8191,0.7399,0.0,-0.0,3034
30734,135,-269.2091,-226.2262,0.7387,0.0,-0.0,3033
30735,135,-271.5687,-223.641,0.7378,0.0,-0.0,3032
30736,135,-274.5922,-221.6587,0.7389,0.0057,-0.0071,3031
30737,135,-280.1677,-226.7423,0.7396,0.0484,-0.0282,3031
30739,135,-277.1105,-228.6932,0.7397,0.0001,-0.0001,3032
30740,135,-274.7503,-231.2753,0.739,0.0006,-0.0007,3033
30741,135,-233.6617,-229.354,-3.9332,0.0001,-0.0001,910
30742,135,-285.8556,-231.9328,0.7393,0.2044,-0.1985,3031
30743,135,-237.9986,-234.9155,-3.933,0.057,-0.0542,908
30744,135,-282.6523,-233.7478,0.7394,0.0011,-0.0011,3032
30745,135,-291.8037,-237.3745,0.7422,0.5493,-0.5746,384
30746,135,-277.9454,-238.9292,0.7394,0.0037,-0.003,3034
30747,135,-235.5059,-232.4678,-3.9329,0.0467,-0.0583,909
30748,135,-232.5677,-240.4085,-3.9325,0.2311,-0.2204,908
30749,135,-228.3887,-234.6866,-3.9323,0.0025,-0.0028,910
30750,135,-298.1496,-243.195,0.7422,1.0534,-0.9332,384
30718,136,-261.3032,-223.7711,0.7385,0.0,0.0,3039
30719,136,-244.214,-218.6924,-3.929,0.0,0.0,914
30720,136,-326.0388,-144.5603,2.3767,14.1268,0.655,1442
30721,136,-309.3801,-155.6949,2.3767,11.6175,-0.3097,1443
30722,136,-263.6594,-221.1842,0.735,0.0,0.0,3038
30723,136,-266.0175,-218.5964,0.7361,0.0,0.0,3037
30724,136,-311.4196,-158.5899,2.3767,13.638,-0.9601,1442
30726,136,-325.3314,-150.0878,2.3769,12.9109,0.8909,1441
30727,136,-246.0844,-221.7653,-3.9326,0.0,0.0,913
30728,136,-243.3095,-229.5444,-3.9318,0.0069,-0.0076,912
30729,136,-248.5887,-224.2094,-3.933,0.0,0.0,912
30730,136,-240.8075,-227.1004,-3.9329,0.0043,-0.0052,913
30731,136,-238.9327,-224.0184,-3.9327,0.0,-0.0,914
30732,136,-269.0348,-216.6109,0.7361,0.0,0.0,389
30733,136,-266.8568,-228.8191,0.7399,0.0,-0.0,3034
30734,136,-269.2091,-226.2262,0.7387,0.0,-0.0,3033
30735,136,-271.5687,-223.641,0.7378,0.0,-0.0,3032
30736,136,-274.5918,-221.6583,0.7389,0.0051,-0.0049,3031
30737,136,-280.1644,-226.7392,0.7396,0.0439,-0.0445,3031
30739,136,-277.1105,-228.6932,0.7397,0.0001,-0.0001,3032
30740,136,-274.7502,-231.2752,0.739,0.0006,-0.0006,3033
30741,136,-233.6617,-229.354,-3.9332,0.0001,-0.0001,910
30742,136,-285.8413,-231.9197,0.7393,0.1897,-0.1529,3031
30743,136,-238.0023,-234.9116,-3.933,0.0529,-0.0392,908
30744,136,-282.6522,-233.7478,0.7394,0.001,-0.0009,3032
30745,136,-291.7643,-237.3383,0.7422,0.5303,-0.1988,384
30746,136,-277.9452,-238.929,0.7394,0.0034,-0.0021,3034
30747,136,-235.5091,-232.4646,-3.9329,0.0433,-0.0405,909
30748,136,-232.583,-240.393,-3.9325,0.2133,-0.1862,908
30749,136,-228.3889,-234.6864,-3.9323,0.0023,-0.0023,910
30750,136,-298.0741,-243.1258,0.7422,1.0176,-0.2522,384
30718,137,-261.3032,-223.7711,0.7385,0.0,0.0,3039
30719,137,-244.214,-218.6924,-3.929,0.0,0.0,914
30720,137,-327.057,-143.5831,2.3767,14.1171,0.1665,1442
30721,137,-310.2178,-154.8909,2.3767,11.6077,-0.0918,1443
30722,137,-263.6594,-221.1842,0.735,0.0,0.0,3038
30723,137,-266.0175,-218.5964,0.7361,0.0,0.0,3037
30724,137,-312.4081,-157.6413,2.3767,13.6995,-0.0004,1442
30726,137,-326.2612,-149.1959,2.3769,12.8911,0.295,1441
30727,137,-246.0844,-221.7653,-3.9326,0.0,0.0,913
30728,137,-243.3099,-229.5439,-3.9318,0.0062,-0.0054,912
30729,137,-248.5887,-224.2094,-3.933,0.0,0.0,912
30730,137,-240.8078,-227.1001,-3.9329,0.0039,-0.0055,913
30731,137,-238.9327,-224.0184,-3.9327,0.0,-0.0,914
30732,137,-269.0348,-216.6109,0.7361,0.0,0.0,389
30733,137,-266.8568,-228.8191,0.7399,0.0,-0.0,3034
30734,137,-269.2091,-226.2262,0.7387,0.0,-0.0,3033
30735,137,-271.5687,-223.641,0.7378,0.0,-0.0,3032
30736,137,-274.5914,-221.658,0.7389,0.0046,-0.0053,3031
30737,137,-280.1613,-226.7365,0.7396,0.04,-0.0336,3031
30739,137,-277.1105,-228.6932,0.7397,0.0001,-0.0001,3032
30740,137,-274.7502,-231.2752,0.739,0.0005,-0.0005,3033
30741,137,-233.6617,-229.354,-3.9332,0.0001,-0.0001,910
30742,137,-285.8281,-231.9077,0.7393,0.1767,-0.0589,3031
30743,137,-238.0058,-234.9081,-3.933,0.0484,-0.0453,908
30744,137,-282.6521,-233.7477,0.7394,0.001,-0.0004,3032
30745,137,-291.7272,-237.3043,0.7422,0.4992,-0.1716,384
30746,137,-277.9449,-238.9288,0.7394,0.0031,-0.0028,3034
30747,137,-235.5119,-232.4617,-3.9329,0.039,-0.0509,909
30748,137,-232.5973,-240.3786,-3.9325,0.1987,-0.1736,908
30749,137,-228.389,-234.6863,-3.9323,0.0021,-0.0019,910
30750,137,-298.0011,-243.0589,0.7422,0.9712,-0.7524,384
30718,138,-261.3032,-223.7711,0.7385,0.0,0.0,3039
30719,138,-244.214,-218.6924,-3.929,0.0,0.0,914
30720,138,-328.0759,-142.6054,2.3767,14.1247,0.1489,1442
30721,138,-311.0569,-154.0857,2.3767,11.6107,-0.736,1443
30722,138,-263.6594,-221.1842,0.735,0.0,0.0,3038
30723,138,-266.0175,-218.5964,0.7361,0.0,0.0,3037
30724,138,-313.3954,-156.6938,2.3767,13.6871,0.0991,1442
30726,138,-327.1916,-148.3035,2.3769,12.886,-0.2634,1441
30727,138,-246.0844,-221.7653,-3.9326,0.0,0.0,913
30728,138,-243.3103,-229.5435,-3.9318,0.0056,-0.0061,912
30729,138,-248.5887,-224.2094,-3.933,0.0,0.0,912
30730,138,-240.808,-227.0999,-3.9329,0.0035,-0.0048,913
30731,138,-238.9327,-224.0184,-3.9327,0.0,-0.0,914
30732,138,-269.0348,-216.6109,0.7361,0.0,0.0,389
30733,138,-266.8568,-228.8191,0.7399,0.0,-0.0,3034
30734,138,-269.2091,-226.2262,0.7387,0.0,-0.0,3033
30735,138,-271.5687,-223.641,0.7378,0.0,-0.0,3032
30736,138,-274.5911,-221.6577,0.7389,0.0042,-0.004,3031
30737,138,-280.1585,-226.7339,0.7396,0.0369,-0.0327,3031
30739,138,-277.1105,-228.6932,0.7397,0.0001,-0.0001,3032
30740,138,-274.7501,-231.2751,0.739,0.0005,-0.0004,3033
30741,138,-233.6617,-229.354,-3.9332,0.0001,-0.0001,910
30742,138,-285.816,-231.8966,0.7393,0.1626,-0.0787,3031
30743,138,-238.009,-234.9049,-3.933,0.0439,-0.0376,908
30744,138,-282.652,-233.7476,0.7394,0.0008,-0.0012,3032
30745,138,-291.6926,-237.2725,0.7422,0.4633,-0.2411,384
30746,138,-277.9447,-238.9286,0.7394,0.0028,-0.0026,3034
30747,138,-235.5145,-232.4591,-3.9329,0.0357,-0.0351,909
30748,138,-232.6106,-240.3652,-3.9325,0.1854,-0.1485,908
30749,138,-228.3892,-234.6861,-3.9323,0.0019,-0.0018,910
30750,138,-297.9308,-242.9944,0.7422,0.9436,-0.4067,384
30718,139,-261.3032,-223.7711,0.7385,0.0,0.0,3039
30719,139,-244.214,-218.6924,-3.929,0.0,0.0,914
30720,139,-329.0932,-141.6291,2.3767,14.0884,-0.4686,1442
30721,139,-311.8957,-153.2807,2.3767,11.6083,-0.6407,1443
30722,139,-263.6594,-221.1842,0.735,0.0,0.0,3038
30723,139,-266.0175,-218.5964,0.7361,0.0,0.0,3037
30724,139,-314.3838,-155.7452,2.3767,13.6864,-0.5432,1442
30726,139,-328.1216,-147.4113,2.3769,12.9087,0.838,1441
30727,139,-246.0844,-221.7653,-3.9326,0.0,0.0,913
30728,139,-243.3107,-229.5431,-3.9318,0.005,-0.0054,912
30729,139,-248.5887,-224.2094,-3.933,0.0,0.0,912
30730,139,-240.8083,-227.0996,-3.9329,0.0032,-0.0044,913
30731,139,-238.9327,-224.0184,-3.9327,0.0,-0.0,914
30732,139,-269.0348,-216.6109,0.7361,0.0,0.0,389
30733,139,-266.8568,-228.8191,0.7399,0.0,-0.0,3034
30734,139,-269.2091,-226.2262,0.7387,0.0,-0.0,3033
30735,139,-271.5687,-223.641,0.7378,0.0,-0.0,3032
30736,139,-274.5908,-221.6575,0.7389,0.0038,-0.0034,3031
30737,139,-280.156,-226.7316,0.7396,0.0338,-0.0246,3031
30739,139,-277.1105,-228.6932,0.7397,0.0001,-0.0001,3032
30740,139,-274.7501,-231.2751,0.739,0.0004,-0.0004,3033
30741,139,-233.6617,-229.354,-3.9332,0.0001,-0.0001,910
30742,139,-285.8047,-231.8863,0.7393,0.1483,-0.1701,3031
30743,139,-238.0119,-234.902,-3.933,0.0404,-0.0268,908
30744,139,-282.652,-233.7476,0.7394,0.0008,-0.0005,3032
30745,139,-291.6596,-237.2423,0.7422,0.4385,-0.3512,384
30746,139,-277.9445,-238.9284,0.7394,0.0026,-0.0017,3034
30747,139,-235.5168,-232.4568,-3.9329,0.0325,-0.0409,909
30748,139,-232.6229,-240.3528,-3.9325,0.1723,-0.0763,908
30749,139,-228.3893,-234.686,-3.9323,0.0017,-0.002,910
30750,139,-297.8642,-242.9333,0.7422,0.8876,-0.6813,384
30718,140,-261.3032,-223.7711,0.7385,0.0,0.0,3039
30719,140,-244.214,-218.6924,-3.929,0.0,0.0,914
30720,140,-330.1098,-140.6535,2.3767,14.0896,-0.0281,1442
30721,140,-312.7344,-152.4758,2.3767,11.6319,0.3113,1443
30722,140,-263.6594,-221.1842,0.735,0.0,0.0,3038
30723,140,-266.0175,-218.5964,0.7361,0.0,0.0,3037
30724,140,-315.372,-154.7969,2.3767,13.7238,1.0729,1442
30726,140,-329.0504,-146.5203,2.3769,12.875,0.1714,1441
30727,140,-246.0844,-221.7653,-3.9326,0.0,0.0,913
30728,140,-243.311,-229.5428,-3.9318,0.0045,-0.0056,912
30729,140,-248.5887,-224.2094,-3.933,0.0,0.0,912
30730,140,-240.8085,-227.0994,-3.9329,0.0029,-0.0029,913
30731,140,-238.9327,-224.0184,-3.9327,0.0,0.0,914
30732,140,-269.0348,-216.6109,0.7361,0.0,0.0,389
30733,140,-266.8568,-228.8191,0.7399,0.0,-0.0,3034
30734,140,-269.2091,-226.2262,0.7387,0.0,-0.0,3033
30735,140,-271.5687,-223.641,0.7378,0.0,-0.0,3032
30736,140,-274.5905,-221.6572,0.7389,0.0034,-0.005,3031
30737,140,-280.1537,-226.7295,0.7396,0.0309,-0.0212,3031
30739,140,-277.1105,-228.6932,0.7397,0.0001,-0.0001,3032
30740,140,-274.7501,-231.2751,0.739,0.0004,-0.0006,3033
30741,140,-233.6617,-229.354,-3.9332,0.0001,-0.0001,910
30742,140,-285.7943,-231.8769,0.7393,0.1379,-0.0829,3031
30743,140,-238.0145,-234.8993,-3.933,0.0371,-0.0318,908
30744,140,-282.6519,-233.7475,0.7394,0.0007,-0.0007,3032
30745,140,-291.6287,-237.214,0.7422,0.4127,-0.2348,384
30746,140,-277.9443,-238.9282,0.7394,0.0024,-0.001,3034
30747,140,-235.519,-232.4546,-3.9329,0.0298,-0.0323,909
30748,140,-232.6341,-240.3414,-3.9325,0.1571,-0.1175,908
30749,140,-228.3894,-234.6859,-3.9323,0.0016,-0.0016,910
30750,140,-297.8008,-242.8751,0.7422,0.8446,-0.6002,384
30718,141,-261.3032,-223.7711,0.7385,0.0,0.0,3039
30719,141,-244.214,-218.6924,-3.929,0.0,0.0,914
30721,141,-313.5729,-151.6712,2.3767,11.6136,-0.2819,1443
30722,141,-263.6594,-221.1842,0.735,0.0,0.0,3038
30723,141,-266.0175,-218.5964,0.7361,0.0,0.0,3037
30724,141,-316.3639,-153.845,2.3767,13.7638,0.6673,1442
30726,141,-329.9797,-145.6289,2.3769,12.8952,0.7017,1441
30727,141,-246.0844,-221.7653,-3.9326,0.0,0.0,913
30728,141,-243.3113,-229.5425,-3.9318,0.0041,-0.0042,912
30729,141,-248.5887,-224.2094,-3.933,0.0,0.0,912
30730,141,-240.8087,-227.0992,-3.9329,0.0026,-0.0023,913
30731,141,-238.9327,-224.0184,-3.9327,0.0,0.0,914
30732,141,-269.0348,-216.6109,0.7361,0.0,0.0,389
30733,141,-266.8568,-228.8191,0.7399,0.0,-0.0,3034
30734,141,-269.2091,-226.2262,0.7387,0.0,-0.0,3033
30735,141,-271.5687,-223.641,0.7378,0.0,-0.0001,3032
30736,141,-274.5903,-221.657,0.7389,0.0031,-0.0033,3031
30737,141,-280.1516,-226.7276,0.7396,0.0282,-0.0169,3031
30739,141,-277.1104,-228.6932,0.7397,0.0001,-0.0001,3032
30740,141,-274.75,-231.2751,0.739,0.0003,-0.0004,3033
30741,141,-233.6617,-229.354,-3.9332,0.0001,-0.0001,910
30742,141,-285.7847,-231.8681,0.7393,0.1283,-0.0636,3031
30743,141,-238.0169,-234.8969,-3.933,0.0336,-0.0253,908
30744,141,-282.6519,-233.7475,0.7394,0.0006,-0.0006,3032
30745,141,-291.6001,-237.1877,0.7422,0.38,-0.3483,384
30746,141,-277.9442,-238.9281,0.7394,0.0022,-0.0012,3034
30747,141,-235.5209,-232.4526,-3.9329,0.0273,-0.032,909
30748,141,-232.6447,-240.3307,-3.9325,0.1462,-0.144,908
30749,141,-228.3895,-234.6858,-3.9323,0.0014,-0.0016,910
30750,141,-297.7406,-242.8199,0.7422,0.8114,-0.227,384
30718,142,-261.3032,-223.7711,0.7385,0.0,0.0,3039
30719,142,-244.214,-218.6924,-3.929,0.0,0.0,914
30721,142,-314.4124,-150.8656,2.3767,11.6323,-0.0552,1443
30722,142,-263.6594,-221.1842,0.735,0.0,0.0,3038
30723,142,-266.0175,-218.5964,0.7361,0.0,0.0,3037
30724,142,-317.3595,-152.8895,2.3767,13.8148,0.6057,1442
30726,142,-330.9093,-144.7372,2.3769,12.874,-0.2892,1441
30727,142,-246.0844,-221.7653,-3.9326,0.0,0.0,913
30728,142,-243.3116,-229.5422,-3.9318,0.0038,-0.002,912
30729,142,-248.5887,-224.2094,-3.933,0.0,0.0,912
30730,142,-240.8089,-227.099,-3.9329,0.0024,-0.0018,913
30731,142,-238.9327,-224.0184,-3.9327,0.0,0.0,914
30732,142,-269.0348,-216.6109,0.7361,0.0,0.0,389
30733,142,-266.8568,-228.8191,0.7399,0.0,-0.0,3034
30734,142,-269.2091,-226.2262,0.7387,0.0,-0.0,3033
30735,142,-271.5687,-223.641,0.7378,0.0,0.0,3032
30736,142,-274.5901,-221.6568,0.7389,0.0028,-0.0024,3031
30737,142,-280.1496,-226.7258,0.7396,0.0253,-0.0326,3031
30739,142,-277.1104,-228.6932,0.7397,0.0001,-0.0001,3032
30740,142,-274.75,-231.275,0.739,0.0003,-0.0003,3033
30741,142,-233.6617,-229.3539,-3.9332,0.0001,-0.0001,910
30742,142,-285.7758,-231.86,0.7393,0.1198,-0.0592,3031
30743,142,-238.0191,-234.8946,-3.933,0.0308,-0.023,908
30744,142,-282.6518,-233.7474,0.7394,0.0006,-0.0007,3032
30745,142,-291.5728,-237.1627,0.7422,0.3642,-0.2436,384
30746,142,-277.944,-238.9279,0.7394,0.0019,-0.0016,3034
30747,142,-235.5227,-232.4508,-3.9329,0.0247,-0.0323,909
30748,142,-232.6544,-240.3209,-3.9325,0.1349,-0.158,908
30749,142,-228.3896,-234.6857,-3.9323,0.0013,-0.0014,910
30750,142,-297.6829,-242.767,0.7422,0.774,-0.3325,384
30718,143,-261.3032,-223.7711,0.7385,0.0,0.0,3039
30719,143,-244.214,-218.6924,-3.929,0.0,0.0,914
30721,143,-315.2515,-150.0603,2.3767,11.6413,0.4681,1443
30722,143,-263.6594,-221.1842,0.735,0.0,0.0,3038
30723,143,-266.0175,-218.5964,0.7361,0.0,0.0,3037
30724,143,-318.3548,-151.9344,2.3767,13.7952,-0.0006,1442
30726,143,-331.8403,-143.8441,2.3769,12.9002,-0.0759,1441
30727,143,-246.0844,-221.7653,-3.9326,0.0,0.0,913
30728,143,-243.3118,-229.542,-3.9318,0.0033,-0.0038,912
30729,143,-248.5887,-224.2094,-3.933,0.0,0.0,912
30730,143,-240.809,-227.0989,-3.9329,0.0021,-0.002,913
30731,143,-238.9327,-224.0184,-3.9327,0.0,0.0,914
30732,143,-269.0348,-216.6109,0.7361,0.0,0.0,389
30733,143,-266.8568,-228.8191,0.7399,0.0,-0.0,3034
30734,143,-269.2091,-226.2262,0.7387,0.0,-0.0,3033
30735,143,-271.5687,-223.641,0.7378,0.0,0.0001,3032
30736,143,-274.5899,-221.6566,0.7389,0.0025,-0.0027,3031
30737,143,-280.1478,-226.7242,0.7396,0.0237,-0.0197,3031
30739,143,-277.1104,-228.6932,0.7397,0.0001,-0.0001,3032
30740,143,-274.75,-231.275,0.739,0.0003,-0.0004,3033
30741,143,-233.6617,-229.3539,-3.9332,0.0001,-0.0001,910
30742,143,-285.7675,-231.8525,0.7394,0.1094,-0.075,3031
30743,143,-238.0212,-234.8926,-3.933,0.0285,-0.0267,908
30744,143,-282.6518,-233.7474,0.7394,0.0005,-0.0005,3032
30745,143,-291.5474,-237.1394,0.7422,0.338,-0.2479,384
30746,143,-277.9439,-238.9278,0.7394,0.0018,-0.0017,3034
30747,143,-235.5244,-232.4491,-3.9329,0.0228,-0.0263,909
30748,143,-232.6635,-240.3117,-3.9325,0.1254,-0.1145,908
30749,143,-228.3897,-234.6856,-3.9323,0.0012,-0.0013,910
30750,143,-297.6279,-242.7166,0.7422,0.7418,-0.1709,384
30718,144,-261.3032,-223.7711,0.7385,0.0,0.0,3039
30719,144,-244.214,-218.6924,-3.929,0.0,0.0,914
30721,144,-316.0918,-149.2539,2.3767,11.6468,0.0482,1443
30722,144,-263.6594,-221.1842,0.735,0.0,0.0,3038
30723,144,-266.0175,-218.5964,0.7361,0.0,0.0,3037
30724,144,-319.3506,-150.9788,2.3767,13.7947,-0.2625,1442
30727,144,-246.0844,-221.7653,-3.9326,0.0,0.0,913
30728,144,-243.3121,-229.5417,-3.9318,0.003,-0.0033,912
30729,144,-248.5887,-224.2094,-3.933,0.0,0.0,912
30730,144,-240.8092,-227.0987,-3.9329,0.0019,-0.0018,913
30731,144,-238.9327,-224.0184,-3.9327,0.0,0.0,914
30732,144,-269.0348,-216.6109,0.7361,0.0,0.0,389
30733,144,-266.8568,-228.8191,0.7399,0.0,-0.0,3034
30734,144,-269.2091,-226.2262,0.7387,0.0,-0.0,3033
30735,144,-271.5687,-223.641,0.7378,0.0,0.0,3032
30736,144,-274.5897,-221.6565,0.7389,0.0023,-0.002,3031
30737,144,-280.1462,-226.7227,0.7396,0.0211,-0.0225,3031
30739,144,-277.1104,-228.6932,0.7397,0.0001,-0.0001,3032
30740,144,-274.75,-231.275,0.739,0.0002,-0.0004,3033
30741,144,-233.6617,-229.3539,-3.9332,0.0001,-0.0001,910
30742,144,-285.7599,-231.8455,0.7394,0.1013,-0.0696,3031
30743,144,-238.023,-234.8907,-3.933,0.0256,-0.0272,908
30744,144,-282.6517,-233.7474,0.7394,0.0005,-0.0004,3032
30745,144,-291.5237,-237.1176,0.7422,0.3202,-0.0723,384
30746,144,-277.9438,-238.9277,0.7394,0.0016,-0.0016,3034
30747,144,-235.5259,-232.4476,-3.9329,0.0208,-0.0208,909
30748,144,-232.6718,-240.3033,-3.9325,0.1169,-0.0656,908
30749,144,-228.3898,-234.6855,-3.9323,0.001,-0.0013,910
30750,144,-297.5757,-242.6687,0.7422,0.7,-0.3214,384
30718,145,-261.3032,-223.7711,0.7385,0.0,0.0,3039
30719,145,-244.214,-218.6924,-3.929,0.0,0.0,914
30721,145,-316.9317,-148.4479,2.3767,11.6302,-0.3959,1443
30722,145,-263.6594,-221.1842,0.735,0.0,0.0,3038
30723,145,-266.0175,-218.5964,0.7361,0.0,0.0,3037
30724,145,-320.3454,-150.024,2.3767,13.7756,-0.5339,1442
30727,145,-246.0844,-221.7653,-3.9326,0.0,0.0,913
30728,145,-243.3123,-229.5415,-3.9318,0.0027,-0.0026,912
30729,145,-248.5887,-224.2094,-3.933,0.0,0.0,912
30730,145,-240.8093,-227.0986,-3.9329,0.0017,-0.0024,913
30731,145,-238.9327,-224.0184,-3.9327,0.0,0.0,914
30732,145,-269.0348,-216.6109,0.7361,0.0,0.0,389
30733,145,-266.8568,-228.8191,0.7399,0.0,-0.0,3034
30734,145,-269.2091,-226.2262,0.7387,0.0,-0.0,3033
30735,145,-271.5687,-223.641,0.7378,0.0,0.0,3032
30736,145,-274.5896,-221.6563,0.7389,0.002,-0.0028,3031
30737,145,-280.1447,-226.7213,0.7396,0.0196,-0.0167,3031
30739,145,-277.1104,-228.6932,0.7397,0.0001,-0.0001,3032
30740,145,-274.7499,-231.275,0.739,0.0002,-0.0001,3033
30741,145,-233.6617,-229.3539,-3.9332,0.0001,-0.0001,910
30742,145,-285.7528,-231.839,0.7394,0.0943,-0.0734,3031
30743,145,-238.0247,-234.889,-3.933,0.0235,-0.021,908
30744,145,-282.6517,-233.7473,0.7394,0.0004,-0.0002,3032
30745,145,-291.5015,-237.0973,0.7422,0.2975,-0.127,384
30746,145,-277.9437,-238.9276,0.7394,0.0015,-0.001,3034
30747,145,-235.5272,-232.4462,-3.9329,0.0188,-0.0218,909
30748,145,-232.6796,-240.2955,-3.9325,0.1078,-0.1017,908
30749,145,-228.3899,-234.6854,-3.9323,0.001,-0.001,910
30750,145,-297.5264,-242.6235,0.7422,0.6546,-0.5945,384
30718,146,-261.3032,-223.7711,0.7385,0.0,0.0,3039
30719,146,-244.214,-218.6924,-3.929,0.0,0.0,914
30721,146,-317.7707,-147.6427,2.3767,11.6141,-0.5339,1443
30722,146,-263.6594,-221.1842,0.735,0.0,0.0,3038
30723,146,-266.0175,-218.5964,0.7361,0.0,0.0,3037
30724,146,-321.3394,-149.0702,2.3767,13.7854,0.3638,1442
30727,146,-246.0844,-221.7653,-3.9326,0.0,0.0,913
30728,146,-243.3124,-229.5414,-3.9318,0.0025,-0.0026,912
30729,146,-248.5887,-224.2094,-3.933,0.0,0.0,912
30730,146,-240.8094,-227.0985,-3.9329,0.0016,-0.0014,913
30731,146,-238.9327,-224.0184,-3.9327,0.0,0.0,914
30732,146,-269.0348,-216.6109,0.7361,0.0,0.0,389
30733,146,-266.8568,-228.8191,0.7399,0.0,-0.0,3034
30734,146,-269.2091,-226.2262,0.7387,0.0,-0.0,3033
30735,146,-271.5687,-223.641,0.7378,0.0,0.0,3032
30736,146,-274.5894,-221.6562,0.7389,0.0018,-0.0024,3031
30737,146,-280.1434,-226.7201,0.7396,0.018,-0.0091,3031
30739,146,-277.1104,-228.6932,0.7397,0.0,-0.0,3032
30740,146,-274.7499,-231.275,0.739,0.0002,-0.0002,3033
30741,146,-233.6617,-229.3539,-3.9332,0.0,-0.0001,910
30742,146,-285.7463,-231.8331,0.7394,0.0869,-0.0582,3031
30743,146,-238.0263,-234.8874,-3.933,0.0215,-0.0245,908
30744,146,-282.6517,-233.7473,0.7394,0.0004,-0.0002,3032
30745,146,-291.4809,-237.0784,0.7422,0.2756,-0.1758,384
30746,146,-277.9435,-238.9275,0.7394,0.0013,-0.0017,3034
30747,146,-235.5285,-232.4449,-3.9329,0.0172,-0.0203,909
30748,146,-232.6867,-240.2883,-3.9325,0.0986,-0.0954,908
30749,146,-228.3899,-234.6854,-3.9323,0.0009,-0.0011,910
30750,146,-297.4796,-242.5805,0.7422,0.6239,-0.4656,384
30718,147,-261.3032,-223.7711,0.7385,0.0,0.0,3039
30719,147,-244.214,-218.6924,-3.929,0.0,0.0,914
30721,147,-318.6109,-146.8364,2.3767,11.6384,-0.2324,1443
30722,147,-263.6594,-221.1842,0.735,0.0,0.0,3038
30723,147,-266.0175,-218.5964,0.7361,0.0,0.0,3037
30724,147,-322.3336,-148.116,2.3767,13.764,-0.6595,1442
30727,147,-246.0844,-221.7653,-3.9326,0.0,0.0,913
30728,147,-243.3126,-229.5412,-3.9318,0.0022,-0.0021,912
30729,147,-248.5887,-224.2094,-3.933,0.0,0.0,912
30730,147,-240.8095,-227.0984,-3.9329,0.0014,-0.001,913
30731,147,-238.9327,-224.0184,-3.9327,0.0,0.0,914
30732,147,-269.0348,-216.6109,0.7361,0.0,0.0,389
30733,147,-266.8568,-228.8191,0.7399,0.0,-0.0,3034
30734,147,-269.2091,-226.2262,0.7387,0.0,-0.0,3033
30735,147,-271.5687,-223.641,0.7378,0.0,0.0,3032
30736,147,-274.5893,-221.6561,0.7389,0.0016,-0.0019,3031
30737,147,-280.1422,-226.719,0.7396,0.0162,-0.0146,3031
30739,147,-277.1104,-228.6932,0.7397,0.0,-0.0,3032
30740,147,-274.7499,-231.2749,0.739,0.0002,-0.0003,3033
30741,147,-233.6617,-229.3539,-3.9332,0.0,-0.0001,910
30742,147,-285.7403,-231.8276,0.7394,0.0791,-0.065,3031
30743,147,-238.0277,-234.886,-3.933,0.0197,-0.0133,908
30744,147,-282.6516,-233.7473,0.7394,0.0004,-0.0004,3032
30745,147,-291.4612,-237.0604,0.7422,0.2617,-0.1907,384
30746,147,-277.9435,-238.9274,0.7394,0.0012,-0.0012,3034
30747,147,-235.5296,-232.4438,-3.9329,0.0157,-0.0171,909
30748,147,-232.6933,-240.2816,-3.9325,0.0927,-0.0414,908
30749,147,-228.39,-234.6853,-3.9323,0.0008,-0.0011,910
30750,147,-297.4347,-242.5394,0.7422,0.605,-0.1195,384
30718,148,-261.3032,-223.7711,0.7385,0.0,0.0,3039
30719,148,-244.214,-218.6924,-3.929,0.0,0.0,914
30721,148,-319.4505,-146.0308,2.3767,11.6311,-0.1588,1443
30722,148,-263.6594,-221.1842,0.735,0.0,0.0,3038
30723,148,-266.0175,-218.5964,0.7361,0.0,0.0,3037
30724,148,-323.3274,-147.1624,2.3767,13.7837,0.4209,1442
30727,148,-246.0844,-221.7653,-3.9326,0.0,0.0,913
30728,148,-243.3128,-229.541,-3.9318,0.002,-0.0021,912
30729,148,-248.5887,-224.2094,-3.933,0.0,0.0,912
30730,148,-240.8096,-227.0983,-3.9329,0.0013,-0.0013,913
30731,148,-238.9327,-224.0184,-3.9327,0.0,0.0,914
30732,148,-269.0348,-216.6109,0.7361,0.0,0.0,389
30733,148,-266.8568,-228.8191,0.7399,0.0,-0.0,3034
30734,148,-269.2091,-226.2262,0.7387,0.0,-0.0,3033
30735,148,-271.5687,-223.641,0.7378,0.0,0.0,3032
30736,148,-274.5892,-221.656,0.7389,0.0015,-0.0014,3031
30737,148,-280.141,-226.718,0.7396,0.0148,-0.0182,3031
30739,148,-277.1104,-228.6932,0.7397,0.0,-0.0,3032
30740,148,-274.7499,-231.2749,0.739,0.0002,-0.0001,3033
30741,148,-233.6617,-229.3539,-3.9332,0.0,-0.0001,910
30742,148,-285.7348,-231.8226,0.7394,0.0727,-0.0833,3031
30743,148,-238.029,-234.8847,-3.933,0.0178,-0.0168,908
30744,148,-282.6516,-233.7473,0.7394,0.0003,-0.0003,3032
30745,148,-291.4428,-237.0434,0.7422,0.2456,-0.1924,384
30746,148,-277.9434,-238.9273,0.7394,0.0011,-0.001,3034
30747,148,-235.5307,-232.4427,-3.9329,0.0144,-0.018,909
30748,148,-232.6993,-240.2755,-3.9325,0.0838,-0.1058,908
30749,148,-228.3901,-234.6852,-3.9323,0.0007,-0.0006,910
30750,148,-297.3926,-242.5007,0.7422,0.5621,-0.3914,384
30718,149,-261.3032,-223.7711,0.7385,0.0,0.0,3039
30719,149,-244.214,-218.6924,-3.929,0.0,0.0,914
30721,149,-320.2901,-145.225,2.3767,11.6298,-0.262,1443
30722,149,-263.6594,-221.1842,0.735,0.0,0.0,3038
30723,149,-266.0175,-218.5964,0.7361,0.0,0.0,3037
30724,149,-324.3218,-146.208,2.3767,13.7869,0.1272,1442
30727,149,-246.0844,-221.7653,-3.9326,0.0,0.0,913
30728,149,-243.3129,-229.5409,-3.9318,0.0018,-0.0014,912
30729,149,-248.5887,-224.2094,-3.933,0.0,0.0,912
30730,149,-240.8097,-227.0982,-3.9329,0.0011,-0.0013,913
30731,149,-238.9327,-224.0184,-3.9327,0.0,0.0,914
30732,149,-269.0348,-216.6109,0.7361,0.0,0.0,389
30733,149,-266.8568,-228.8191,0.7399,0.0,-0.0,3034
30734,149,-269.2091,-226.2262,0.7387,0.0,-0.0,3033
30735,149,-271.5687,-223.641,0.7378,0.0,0.0,3032
30736,149,-274.5891,-221.6559,0.7389,0.0014,-0.0015,3031
30737,149,-280.14,-226.717,0.7396,0.0135,-0.0134,3031
30739,149,-277.1104,-228.6932,0.7397,0.0,-0.0,3032
30740,149,-274.7499,-231.2749,0.739,0.0001,-0.0001,3033
30741,149,-233.6617,-229.3539,-3.9332,0.0,-0.0,910
30742,149,-285.7297,-231.818,0.7394,0.0674,-0.048,3031
30743,149,-238.0301,-234.8835,-3.933,0.0167,-0.0103,908
30744,149,-282.6516,-233.7472,0.7394,0.0003,-0.0002,3032
30745,149,-291.4257,-237.0278,0.7422,0.2267,-0.1812,384
30746,149,-277.9433,-238.9273,0.7394,0.001,-0.0008,3034
30747,149,-235.5316,-232.4418,-3.9329,0.0132,-0.0128,909
30748,149,-232.705,-240.2698,-3.9325,0.0775,-0.0893,908
30749,149,-228.3901,-234.6852,-3.9323,0.0006,-0.0006,910
30750,149,-297.3521,-242.4636,0.7422,0.5418,-0.2814,384
30718,150,-261.3032,-223.7711,0.7385,0.0,0.0,3039
30719,150,-244.214,-218.6924,-3.929,0.0,0.0,914
30721,150,-321.13,-144.419,2.3767,11.6483,0.3265,1443
30722,150,-263.6594,-221.1842,0.735,0.0,0.0,3038
30723,150,-266.0175,-218.5964,0.7361,0.0,0.0,3037
30724,150,-325.3178,-145.2523,2.3767,13.8013,-0.0918,1442
30727,150,-246.0844,-221.7653,-3.9326,0.0,0.0,913
30728,150,-243.313,-229.5408,-3.9318,0.0016,-0.0021,912
30729,150,-248.5887,-224.2094,-3.933,0.0,0.0,912
30730,150,-240.8098,-227.0981,-3.9329,0.001,-0.0013,913
30731,150,-238.9327,-224.0184,-3.9327,0.0,0.0,914
30732,150,-269.0348,-216.6109,0.7361,0.0,0.0,389
30733,150,-266.8568,-228.8191,0.7399,0.0,0.0,3034
30734,150,-269.2091,-226.2262,0.7387,0.0,-0.0,3033
30735,150,-271.5687,-223.641,0.7378,0.0,0.0,3032
30736,150,-274.589,-221.6558,0.7389,0.0012,-0.0017,3031
30737,150,-280.1391,-226.7162,0.7396,0.0123,-0.0105,3031
30739,150,-277.1104,-228.6932,0.7397,0.0,-0.0,3032
30740,150,-274.7499,-231.2749,0.739,0.0001,-0.0001,3033
30741,150,-233.6617,-229.3539,-3.9332,0.0,-0.0,910
30742,150,-285.725,-231.8137,0.7394,0.0625,-0.0406,3031
30743,150,-238.0312,-234.8824,-3.933,0.015,-0.0141,908
30744,150,-282.6515,-233.7472,0.7394,0.0003,-0.0002,3032
30745,150,-291.4097,-237.0131,0.7422,0.2138,-0.1599,384
30746,150,-277.9432,-238.9272,0.7394,0.0009,-0.0007,3034
30747,150,-235.5325,-232.4409,-3.9329,0.0119,-0.0125,909
30748,150,-232.7102,-240.2645,-3.9325,0.0724,-0.072,908
30749,150,-228.3901,-234.6852,-3.9323,0.0006,-0.0005,910
30750,150,-297.314,-242.4286,0.7422,0.5106,-0.2589,384
